2024/04/16 13:25,01F0017N,01F0005N,31,46,47
2024/04/16 13:25,01F0017N,01F0005N,32,47,24
2024/04/16 13:25,01F0017N,01F0005N,41,43,1
2024/04/16 13:25,01F0017N,01F0005N,42,0,0
2024/04/16 13:25,01F0017N,01F0005N,5,0,0
2024/04/16 13:25,01F0029N,01F0017N,31,48,66
2024/04/16 13:25,01F0029N,01F0017N,32,48,29
2024/04/16 13:25,01F0029N,01F0017N,41,46,3
2024/04/16 13:25,01F0029N,01F0017N,42,56,3
2024/04/16 13:25,01F0029N,01F0017N,5,48,2
2024/04/16 13:25,01F0005S,01F0017S,31,50,69
2024/04/16 13:25,01F0005S,01F0017S,32,51,23
2024/04/16 13:25,01F0005S,01F0017S,41,55,2
2024/04/16 13:25,01F0005S,01F0017S,42,56,1
2024/04/16 13:25,01F0005S,01F0017S,5,0,0
2024/04/16 13:25,01F0061N,01F0029N,31,122,79
2024/04/16 13:25,01F0061N,01F0029N,32,125,32
2024/04/16 13:25,01F0061N,01F0029N,41,124,4
2024/04/16 13:25,01F0061N,01F0029N,42,126,2
2024/04/16 13:25,01F0061N,01F0029N,5,135,5
2024/04/16 13:25,01F0017S,01F0029S,31,48,68
2024/04/16 13:25,01F0017S,01F0029S,32,49,34
2024/04/16 13:25,01F0017S,01F0029S,41,50,4
2024/04/16 13:25,01F0017S,01F0029S,42,58,4
2024/04/16 13:25,01F0017S,01F0029S,5,55,4
2024/04/16 13:25,01F0099N,01F0061N,31,154,125
2024/04/16 13:25,01F0099N,01F0061N,32,158,52
2024/04/16 13:25,01F0099N,01F0061N,41,156,7
2024/04/16 13:25,01F0099N,01F0061N,42,215,7
2024/04/16 13:25,01F0099N,01F0061N,5,188,17
2024/04/16 13:25,01F0029S,01F0061S,31,124,92
2024/04/16 13:25,01F0029S,01F0061S,32,123,36
2024/04/16 13:25,01F0029S,01F0061S,41,126,5
2024/04/16 13:25,01F0029S,01F0061S,42,135,6
2024/04/16 13:25,01F0029S,01F0061S,5,133,6
2024/04/16 13:25,01F0147N,01F0099N,31,191,67
2024/04/16 13:25,01F0147N,01F0099N,32,193,18
2024/04/16 13:25,01F0147N,01F0099N,41,199,1
2024/04/16 13:25,01F0147N,01F0099N,42,205,4
2024/04/16 13:25,01F0147N,01F0099N,5,216,11
2024/04/16 13:25,01H0174N,01F0099N,31,284,35
2024/04/16 13:25,01H0174N,01F0099N,32,297,23
2024/04/16 13:25,01H0174N,01F0099N,41,0,0
2024/04/16 13:25,01H0174N,01F0099N,42,0,0
2024/04/16 13:25,01H0174N,01F0099N,5,0,0
2024/04/16 13:25,03F0087S,01F0099N,31,0,0
2024/04/16 13:25,03F0087S,01F0099N,32,2181,1
2024/04/16 13:25,03F0087S,01F0099N,41,0,0
2024/04/16 13:25,03F0087S,01F0099N,42,0,0
2024/04/16 13:25,03F0087S,01F0099N,5,0,0
2024/04/16 13:25,03F0116N,01F0099N,31,102,38
2024/04/16 13:25,03F0116N,01F0099N,32,102,28
2024/04/16 13:25,03F0116N,01F0099N,41,101,1
2024/04/16 13:25,03F0116N,01F0099N,42,102,2
2024/04/16 13:25,03F0116N,01F0099N,5,106,12
2024/04/16 13:25,01F0061S,01F0099S,31,152,159
2024/04/16 13:25,01F0061S,01F0099S,32,156,61
2024/04/16 13:25,01F0061S,01F0099S,41,153,4
2024/04/16 13:25,01F0061S,01F0099S,42,176,7
2024/04/16 13:25,01F0061S,01F0099S,5,168,23
2024/04/16 13:25,01F0155N,01F0147N,31,35,152
2024/04/16 13:25,01F0155N,01F0147N,32,36,46
2024/04/16 13:25,01F0155N,01F0147N,41,37,1
2024/04/16 13:25,01F0155N,01F0147N,42,36,15
2024/04/16 13:25,01F0155N,01F0147N,5,36,20
2024/04/16 13:25,01F0099S,01F0147S,31,195,91
2024/04/16 13:25,01F0099S,01F0147S,32,205,23
2024/04/16 13:25,01F0099S,01F0147S,41,199,2
2024/04/16 13:25,01F0099S,01F0147S,42,212,6
2024/04/16 13:25,01F0099S,01F0147S,5,214,12
2024/04/16 13:25,03F0087S,01F0147S,31,221,14
2024/04/16 13:25,03F0087S,01F0147S,32,236,5
2024/04/16 13:25,03F0087S,01F0147S,41,226,1
2024/04/16 13:25,03F0087S,01F0147S,42,234,1
2024/04/16 13:25,03F0087S,01F0147S,5,235,6
2024/04/16 13:25,03F0116N,01F0147S,31,228,27
2024/04/16 13:25,03F0116N,01F0147S,32,234,9
2024/04/16 13:25,03F0116N,01F0147S,41,0,0
2024/04/16 13:25,03F0116N,01F0147S,42,238,2
2024/04/16 13:25,03F0116N,01F0147S,5,222,2
2024/04/16 13:25,01F0213N,01F0155N,31,315,98
2024/04/16 13:25,01F0213N,01F0155N,32,324,44
2024/04/16 13:25,01F0213N,01F0155N,41,0,0
2024/04/16 13:25,01F0213N,01F0155N,42,322,12
2024/04/16 13:25,01F0213N,01F0155N,5,316,21
2024/04/16 13:25,01F0147S,01F0155S,31,34,177
2024/04/16 13:25,01F0147S,01F0155S,32,35,56
2024/04/16 13:25,01F0147S,01F0155S,41,32,4
2024/04/16 13:25,01F0147S,01F0155S,42,36,19
2024/04/16 13:25,01F0147S,01F0155S,5,35,25
2024/04/16 13:25,01F0155S,01F0182S,31,122,114
2024/04/16 13:25,01F0155S,01F0182S,32,126,48
2024/04/16 13:25,01F0155S,01F0182S,41,120,1
2024/04/16 13:25,01F0155S,01F0182S,42,128,15
2024/04/16 13:25,01F0155S,01F0182S,5,128,28
2024/04/16 13:25,01F0233N,01F0213N,31,103,102
2024/04/16 13:25,01F0233N,01F0213N,32,101,48
2024/04/16 13:25,01F0233N,01F0213N,41,104,4
2024/04/16 13:25,01F0233N,01F0213N,42,99,21
2024/04/16 13:25,01F0233N,01F0213N,5,98,21
2024/04/16 13:25,01F0256N,01F0233N,31,124,270
2024/04/16 13:25,01F0256N,01F0233N,32,126,82
2024/04/16 13:25,01F0256N,01F0233N,41,128,2
2024/04/16 13:25,01F0256N,01F0233N,42,124,20
2024/04/16 13:25,01F0256N,01F0233N,5,105,20
2024/04/16 13:25,01F0182S,01F0248S,31,322,111
2024/04/16 13:25,01F0182S,01F0248S,32,329,56
2024/04/16 13:25,01F0182S,01F0248S,41,0,0
2024/04/16 13:25,01F0182S,01F0248S,42,329,10
2024/04/16 13:25,01F0182S,01F0248S,5,321,34
2024/04/16 13:25,01F0293N,01F0256N,31,156,255
2024/04/16 13:25,01F0293N,01F0256N,32,159,79
2024/04/16 13:25,01F0293N,01F0256N,41,170,8
2024/04/16 13:25,01F0293N,01F0256N,42,173,25
2024/04/16 13:25,01F0293N,01F0256N,5,159,18
2024/04/16 13:25,01F0248S,01F0264S,31,64,197
2024/04/16 13:25,01F0248S,01F0264S,32,68,87
2024/04/16 13:25,01F0248S,01F0264S,41,66,6
2024/04/16 13:25,01F0248S,01F0264S,42,68,7
2024/04/16 13:25,01F0248S,01F0264S,5,66,30
2024/04/16 13:25,01F0340N,01F0293N,31,178,201
2024/04/16 13:25,01F0340N,01F0293N,32,193,53
2024/04/16 13:25,01F0340N,01F0293N,41,186,8
2024/04/16 13:25,01F0340N,01F0293N,42,212,10
2024/04/16 13:25,01F0340N,01F0293N,5,195,13
2024/04/16 13:25,01F0264S,01F0293S,31,112,234
2024/04/16 13:25,01F0264S,01F0293S,32,115,57
2024/04/16 13:25,01F0264S,01F0293S,41,122,11
2024/04/16 13:25,01F0264S,01F0293S,42,122,19
2024/04/16 13:25,01F0264S,01F0293S,5,122,25
2024/04/16 13:25,01F0293S,01F0339S,31,185,208
2024/04/16 13:25,01F0293S,01F0339S,32,189,52
2024/04/16 13:25,01F0293S,01F0339S,41,191,15
2024/04/16 13:25,01F0293S,01F0339S,42,202,11
2024/04/16 13:25,01F0293S,01F0339S,5,204,9
2024/04/16 13:25,01H0305S,01F0339S,31,135,71
2024/04/16 13:25,01H0305S,01F0339S,32,139,37
2024/04/16 13:25,01H0305S,01F0339S,41,0,0
2024/04/16 13:25,01H0305S,01F0339S,42,155,2
2024/04/16 13:25,01H0305S,01F0339S,5,0,0
2024/04/16 13:25,01F0376N,01F0340N,31,167,321
2024/04/16 13:25,01F0376N,01F0340N,32,174,152
2024/04/16 13:25,01F0376N,01F0340N,41,175,10
2024/04/16 13:25,01F0376N,01F0340N,42,185,30
2024/04/16 13:25,01F0376N,01F0340N,5,239,13
2024/04/16 13:25,01H0447N,01F0340N,31,436,105
2024/04/16 13:25,01H0447N,01F0340N,32,446,38
2024/04/16 13:25,01H0447N,01F0340N,41,430,5
2024/04/16 13:25,01H0447N,01F0340N,42,575,1
2024/04/16 13:25,01H0447N,01F0340N,5,0,0
2024/04/16 13:25,01F0413N,01F0376N,31,144,185
2024/04/16 13:25,01F0413N,01F0376N,32,149,77
2024/04/16 13:25,01F0413N,01F0376N,41,152,8
2024/04/16 13:25,01F0413N,01F0376N,42,163,21
2024/04/16 13:25,01F0413N,01F0376N,5,158,11
2024/04/16 13:25,01F0339S,01F0376S,31,159,297
2024/04/16 13:25,01F0339S,01F0376S,32,165,143
2024/04/16 13:25,01F0339S,01F0376S,41,168,12
2024/04/16 13:25,01F0339S,01F0376S,42,172,21
2024/04/16 13:25,01F0339S,01F0376S,5,186,9
2024/04/16 13:25,01F0467N,01F0413N,31,226,152
2024/04/16 13:25,01F0467N,01F0413N,32,237,77
2024/04/16 13:25,01F0467N,01F0413N,41,252,12
2024/04/16 13:25,01F0467N,01F0413N,42,270,23
2024/04/16 13:25,01F0467N,01F0413N,5,253,13
2024/04/16 13:25,01F0376S,01F0413S,31,153,162
2024/04/16 13:25,01F0376S,01F0413S,32,158,78
2024/04/16 13:25,01F0376S,01F0413S,41,183,5
2024/04/16 13:25,01F0376S,01F0413S,42,180,13
2024/04/16 13:25,01F0376S,01F0413S,5,194,5
2024/04/16 13:25,01F0492N,01F0467N,31,102,195
2024/04/16 13:25,01F0492N,01F0467N,32,103,102
2024/04/16 13:25,01F0492N,01F0467N,41,109,5
2024/04/16 13:25,01F0492N,01F0467N,42,105,33
2024/04/16 13:25,01F0492N,01F0467N,5,108,19
2024/04/16 13:25,01F0413S,01F0467S,31,207,150
2024/04/16 13:25,01F0413S,01F0467S,32,216,73
2024/04/16 13:25,01F0413S,01F0467S,41,232,7
2024/04/16 13:25,01F0413S,01F0467S,42,235,24
2024/04/16 13:25,01F0413S,01F0467S,5,231,14
2024/04/16 13:25,01F0511N,01F0492N,31,70,183
2024/04/16 13:25,01F0511N,01F0492N,32,71,94
2024/04/16 13:25,01F0511N,01F0492N,41,74,4
2024/04/16 13:25,01F0511N,01F0492N,42,77,32
2024/04/16 13:25,01F0511N,01F0492N,5,75,18
2024/04/16 13:25,01F0467S,01F0492S,31,92,170
2024/04/16 13:25,01F0467S,01F0492S,32,94,72
2024/04/16 13:25,01F0467S,01F0492S,41,102,4
2024/04/16 13:25,01F0467S,01F0492S,42,102,27
2024/04/16 13:25,01F0467S,01F0492S,5,102,19
2024/04/16 13:25,01F0532N,01F0511N,31,85,196
2024/04/16 13:25,01F0532N,01F0511N,32,86,88
2024/04/16 13:25,01F0532N,01F0511N,41,89,4
2024/04/16 13:25,01F0532N,01F0511N,42,92,29
2024/04/16 13:25,01F0532N,01F0511N,5,92,16
2024/04/16 13:25,03F0525S,01F0511N,31,599,14
2024/04/16 13:25,03F0525S,01F0511N,32,649,7
2024/04/16 13:25,03F0525S,01F0511N,41,0,0
2024/04/16 13:25,03F0525S,01F0511N,42,601,1
2024/04/16 13:25,03F0525S,01F0511N,5,643,1
2024/04/16 13:25,03F0559N,01F0511N,31,595,18
2024/04/16 13:25,03F0559N,01F0511N,32,622,8
2024/04/16 13:25,03F0559N,01F0511N,41,0,0
2024/04/16 13:25,03F0559N,01F0511N,42,647,5
2024/04/16 13:25,03F0559N,01F0511N,5,0,0
2024/04/16 13:25,01F0492S,01F0511S,31,71,173
2024/04/16 13:25,01F0492S,01F0511S,32,74,76
2024/04/16 13:25,01F0492S,01F0511S,41,83,2
2024/04/16 13:25,01F0492S,01F0511S,42,78,29
2024/04/16 13:25,01F0492S,01F0511S,5,79,21
2024/04/16 13:25,01F0532S,01F0532N,31,2058,11
2024/04/16 13:25,01F0532S,01F0532N,32,2019,12
2024/04/16 13:25,01F0532S,01F0532N,41,1647,2
2024/04/16 13:25,01F0532S,01F0532N,42,3445,1
2024/04/16 13:25,01F0532S,01F0532N,5,2442,2
2024/04/16 13:25,01F0557N,01F0532N,31,100,268
2024/04/16 13:25,01F0557N,01F0532N,32,102,104
2024/04/16 13:25,01F0557N,01F0532N,41,102,3
2024/04/16 13:25,01F0557N,01F0532N,42,108,24
2024/04/16 13:25,01F0557N,01F0532N,5,104,17
2024/04/16 13:25,01F0511S,01F0532S,31,82,185
2024/04/16 13:25,01F0511S,01F0532S,32,82,72
2024/04/16 13:25,01F0511S,01F0532S,41,87,2
2024/04/16 13:25,01F0511S,01F0532S,42,92,21
2024/04/16 13:25,01F0511S,01F0532S,5,90,22
2024/04/16 13:25,03F0525S,01F0532S,31,606,13
2024/04/16 13:25,03F0525S,01F0532S,32,597,5
2024/04/16 13:25,03F0525S,01F0532S,41,0,0
2024/04/16 13:25,03F0525S,01F0532S,42,0,0
2024/04/16 13:25,03F0525S,01F0532S,5,635,1
2024/04/16 13:25,03F0559N,01F0532S,31,0,0
2024/04/16 13:25,03F0559N,01F0532S,32,0,0
2024/04/16 13:25,03F0559N,01F0532S,41,0,0
2024/04/16 13:25,03F0559N,01F0532S,42,0,0
2024/04/16 13:25,03F0559N,01F0532S,5,0,0
2024/04/16 13:25,01F0584N,01F0557N,31,102,158
2024/04/16 13:25,01F0584N,01F0557N,32,106,86
2024/04/16 13:25,01F0584N,01F0557N,41,108,2
2024/04/16 13:25,01F0584N,01F0557N,42,114,23
2024/04/16 13:25,01F0584N,01F0557N,5,113,17
2024/04/16 13:25,01F0532S,01F0557S,31,103,244
2024/04/16 13:25,01F0532S,01F0557S,32,105,96
2024/04/16 13:25,01F0532S,01F0557S,41,115,3
2024/04/16 13:25,01F0532S,01F0557S,42,112,41
2024/04/16 13:25,01F0532S,01F0557S,5,112,25
2024/04/16 13:25,01F0557N,01F0557S,31,1560,7
2024/04/16 13:25,01F0557N,01F0557S,32,2422,3
2024/04/16 13:25,01F0557N,01F0557S,41,2045,1
2024/04/16 13:25,01F0557N,01F0557S,42,3031,4
2024/04/16 13:25,01F0557N,01F0557S,5,2397,3
2024/04/16 13:25,01F0557S,01F0578S,31,83,149
2024/04/16 13:25,01F0557S,01F0578S,32,86,66
2024/04/16 13:25,01F0557S,01F0578S,41,90,1
2024/04/16 13:25,01F0557S,01F0578S,42,97,27
2024/04/16 13:25,01F0557S,01F0578S,5,92,21
2024/04/16 13:25,01F0633N,01F0584N,31,195,119
2024/04/16 13:25,01F0633N,01F0584N,32,198,69
2024/04/16 13:25,01F0633N,01F0584N,41,216,1
2024/04/16 13:25,01F0633N,01F0584N,42,220,36
2024/04/16 13:25,01F0633N,01F0584N,5,219,35
2024/04/16 13:25,01H0608N,01F0584N,31,96,44
2024/04/16 13:25,01H0608N,01F0584N,32,97,12
2024/04/16 13:25,01H0608N,01F0584N,41,103,1
2024/04/16 13:25,01H0608N,01F0584N,42,0,0
2024/04/16 13:25,01H0608N,01F0584N,5,0,0
2024/04/16 13:25,01F0664N,01F0633N,31,115,122
2024/04/16 13:25,01F0664N,01F0633N,32,121,64
2024/04/16 13:25,01F0664N,01F0633N,41,116,3
2024/04/16 13:25,01F0664N,01F0633N,42,127,22
2024/04/16 13:25,01F0664N,01F0633N,5,128,33
2024/04/16 13:25,01F0578S,01F0633S,31,214,98
2024/04/16 13:25,01F0578S,01F0633S,32,226,72
2024/04/16 13:25,01F0578S,01F0633S,41,231,1
2024/04/16 13:25,01F0578S,01F0633S,42,246,34
2024/04/16 13:25,01F0578S,01F0633S,5,251,18
2024/04/16 13:25,01H0579S,01F0633S,31,223,35
2024/04/16 13:25,01H0579S,01F0633S,32,220,12
2024/04/16 13:25,01H0579S,01F0633S,41,0,0
2024/04/16 13:25,01H0579S,01F0633S,42,0,0
2024/04/16 13:25,01H0579S,01F0633S,5,0,0
2024/04/16 13:25,01F0681N,01F0664N,31,63,136
2024/04/16 13:25,01F0681N,01F0664N,32,65,59
2024/04/16 13:25,01F0681N,01F0664N,41,61,1
2024/04/16 13:25,01F0681N,01F0664N,42,71,26
2024/04/16 13:25,01F0681N,01F0664N,5,72,32
2024/04/16 13:25,01F0633S,01F0664S,31,119,112
2024/04/16 13:25,01F0633S,01F0664S,32,125,59
2024/04/16 13:25,01F0633S,01F0664S,41,124,1
2024/04/16 13:25,01F0633S,01F0664S,42,137,20
2024/04/16 13:25,01F0633S,01F0664S,5,135,13
2024/04/16 13:25,01F0699N,01F0681N,31,66,92
2024/04/16 13:25,01F0699N,01F0681N,32,70,42
2024/04/16 13:25,01F0699N,01F0681N,41,0,0
2024/04/16 13:25,01F0699N,01F0681N,42,74,25
2024/04/16 13:25,01F0699N,01F0681N,5,74,23
2024/04/16 13:25,01F0664S,01F0681S,31,62,135
2024/04/16 13:25,01F0664S,01F0681S,32,64,61
2024/04/16 13:25,01F0664S,01F0681S,41,66,1
2024/04/16 13:25,01F0664S,01F0681S,42,72,27
2024/04/16 13:25,01F0664S,01F0681S,5,73,14
2024/04/16 13:25,01F0750N,01F0699N,31,185,107
2024/04/16 13:25,01F0750N,01F0699N,32,191,57
2024/04/16 13:25,01F0750N,01F0699N,41,199,1
2024/04/16 13:25,01F0750N,01F0699N,42,201,22
2024/04/16 13:25,01F0750N,01F0699N,5,207,34
2024/04/16 13:25,01F0681S,01F0699S,31,66,84
2024/04/16 13:25,01F0681S,01F0699S,32,70,44
2024/04/16 13:25,01F0681S,01F0699S,41,71,1
2024/04/16 13:25,01F0681S,01F0699S,42,72,20
2024/04/16 13:25,01F0681S,01F0699S,5,82,16
2024/04/16 13:25,01F0880N,01F0750N,31,501,179
2024/04/16 13:25,01F0880N,01F0750N,32,517,74
2024/04/16 13:25,01F0880N,01F0750N,41,537,6
2024/04/16 13:25,01F0880N,01F0750N,42,542,15
2024/04/16 13:25,01F0880N,01F0750N,5,543,26
2024/04/16 13:25,01F0699S,01F0750S,31,187,110
2024/04/16 13:25,01F0699S,01F0750S,32,192,56
2024/04/16 13:25,01F0699S,01F0750S,41,208,2
2024/04/16 13:25,01F0699S,01F0750S,42,199,35
2024/04/16 13:25,01F0699S,01F0750S,5,214,21
2024/04/16 13:25,01H0610S,01F0750S,31,529,100
2024/04/16 13:25,01H0610S,01F0750S,32,548,41
2024/04/16 13:25,01H0610S,01F0750S,41,573,3
2024/04/16 13:25,01H0610S,01F0750S,42,0,0
2024/04/16 13:25,01H0610S,01F0750S,5,0,0
2024/04/16 13:25,01F0928N,01F0880N,31,185,183
2024/04/16 13:25,01F0928N,01F0880N,32,193,71
2024/04/16 13:25,01F0928N,01F0880N,41,199,4
2024/04/16 13:25,01F0928N,01F0880N,42,197,21
2024/04/16 13:25,01F0928N,01F0880N,5,209,17
2024/04/16 13:25,01F0750S,01F0880S,31,493,172
2024/04/16 13:25,01F0750S,01F0880S,32,496,66
2024/04/16 13:25,01F0750S,01F0880S,41,510,3
2024/04/16 13:25,01F0750S,01F0880S,42,549,17
2024/04/16 13:25,01F0750S,01F0880S,5,577,19
2024/04/16 13:25,01F0956N,01F0928N,31,102,130
2024/04/16 13:25,01F0956N,01F0928N,32,108,46
2024/04/16 13:25,01F0956N,01F0928N,41,119,9
2024/04/16 13:25,01F0956N,01F0928N,42,115,24
2024/04/16 13:25,01F0956N,01F0928N,5,117,24
2024/04/16 13:25,01F0880S,01F0928S,31,213,174
2024/04/16 13:25,01F0880S,01F0928S,32,220,79
2024/04/16 13:25,01F0880S,01F0928S,41,222,4
2024/04/16 13:25,01F0880S,01F0928S,42,231,20
2024/04/16 13:25,01F0880S,01F0928S,5,240,21
2024/04/16 13:25,01F0928S,01F0950S,31,85,111
2024/04/16 13:25,01F0928S,01F0950S,32,87,53
2024/04/16 13:25,01F0928S,01F0950S,41,88,2
2024/04/16 13:25,01F0928S,01F0950S,42,91,19
2024/04/16 13:25,01F0928S,01F0950S,5,93,11
2024/04/16 13:25,01F0979N,01F0956N,31,84,113
2024/04/16 13:25,01F0979N,01F0956N,32,89,44
2024/04/16 13:25,01F0979N,01F0956N,41,93,8
2024/04/16 13:25,01F0979N,01F0956N,42,91,18
2024/04/16 13:25,01F0979N,01F0956N,5,101,20
2024/04/16 13:25,01F1045N,01F0979N,31,242,87
2024/04/16 13:25,01F1045N,01F0979N,32,247,29
2024/04/16 13:25,01F1045N,01F0979N,41,255,8
2024/04/16 13:25,01F1045N,01F0979N,42,284,12
2024/04/16 13:25,01F1045N,01F0979N,5,272,14
2024/04/16 13:25,03F0996S,01F0979N,31,93,17
2024/04/16 13:25,03F0996S,01F0979N,32,97,9
2024/04/16 13:25,03F0996S,01F0979N,41,0,0
2024/04/16 13:25,03F0996S,01F0979N,42,0,0
2024/04/16 13:25,03F0996S,01F0979N,5,100,6
2024/04/16 13:25,03F1022N,01F0979N,31,140,86
2024/04/16 13:25,03F1022N,01F0979N,32,141,31
2024/04/16 13:25,03F1022N,01F0979N,41,151,2
2024/04/16 13:25,03F1022N,01F0979N,42,146,18
2024/04/16 13:25,03F1022N,01F0979N,5,148,6
2024/04/16 13:25,01F0950S,01F0980S,31,112,102
2024/04/16 13:25,01F0950S,01F0980S,32,113,45
2024/04/16 13:25,01F0950S,01F0980S,41,119,2
2024/04/16 13:25,01F0950S,01F0980S,42,129,24
2024/04/16 13:25,01F0950S,01F0980S,5,130,12
2024/04/16 13:25,01F1123N,01F1045N,31,273,92
2024/04/16 13:25,01F1123N,01F1045N,32,284,38
2024/04/16 13:25,01F1123N,01F1045N,41,297,6
2024/04/16 13:25,01F1123N,01F1045N,42,309,16
2024/04/16 13:25,01F1123N,01F1045N,5,340,11
2024/04/16 13:25,01F0980S,01F1045S,31,229,108
2024/04/16 13:25,01F0980S,01F1045S,32,233,52
2024/04/16 13:25,01F0980S,01F1045S,41,244,2
2024/04/16 13:25,01F0980S,01F1045S,42,252,19
2024/04/16 13:25,01F0980S,01F1045S,5,256,5
2024/04/16 13:25,03F0996S,01F1045S,31,244,48
2024/04/16 13:25,03F0996S,01F1045S,32,255,21
2024/04/16 13:25,03F0996S,01F1045S,41,292,1
2024/04/16 13:25,03F0996S,01F1045S,42,275,6
2024/04/16 13:25,03F0996S,01F1045S,5,282,3
2024/04/16 13:25,03F1022N,01F1045S,31,242,6
2024/04/16 13:25,03F1022N,01F1045S,32,257,4
2024/04/16 13:25,03F1022N,01F1045S,41,0,0
2024/04/16 13:25,03F1022N,01F1045S,42,0,0
2024/04/16 13:25,03F1022N,01F1045S,5,0,0
2024/04/16 13:25,01F1292N,01F1123N,31,585,113
2024/04/16 13:25,01F1292N,01F1123N,32,607,40
2024/04/16 13:25,01F1292N,01F1123N,41,640,5
2024/04/16 13:25,01F1292N,01F1123N,42,676,16
2024/04/16 13:25,01F1292N,01F1123N,5,695,15
2024/04/16 13:25,01F1045S,01F1123S,31,264,97
2024/04/16 13:25,01F1045S,01F1123S,32,273,34
2024/04/16 13:25,01F1045S,01F1123S,41,298,7
2024/04/16 13:25,01F1045S,01F1123S,42,288,18
2024/04/16 13:25,01F1045S,01F1123S,5,310,12
2024/04/16 13:25,01F1389N,01F1292N,31,330,121
2024/04/16 13:25,01F1389N,01F1292N,32,339,44
2024/04/16 13:25,01F1389N,01F1292N,41,345,8
2024/04/16 13:25,01F1389N,01F1292N,42,361,11
2024/04/16 13:25,01F1389N,01F1292N,5,386,7
2024/04/16 13:25,01F1123S,01F1292S,31,596,122
2024/04/16 13:25,01F1123S,01F1292S,32,618,48
2024/04/16 13:25,01F1123S,01F1292S,41,637,2
2024/04/16 13:25,01F1123S,01F1292S,42,815,12
2024/04/16 13:25,01F1123S,01F1292S,5,834,10
2024/04/16 13:25,01F1465N,01F1389N,31,263,86
2024/04/16 13:25,01F1465N,01F1389N,32,269,58
2024/04/16 13:25,01F1465N,01F1389N,41,0,0
2024/04/16 13:25,01F1465N,01F1389N,42,293,11
2024/04/16 13:25,01F1465N,01F1389N,5,319,8
2024/04/16 13:25,01F1292S,01F1389S,31,339,94
2024/04/16 13:25,01F1292S,01F1389S,32,350,44
2024/04/16 13:25,01F1292S,01F1389S,41,356,7
2024/04/16 13:25,01F1292S,01F1389S,42,375,17
2024/04/16 13:25,01F1292S,01F1389S,5,377,8
2024/04/16 13:25,01F1572N,01F1465N,31,376,110
2024/04/16 13:25,01F1572N,01F1465N,32,389,48
2024/04/16 13:25,01F1572N,01F1465N,41,419,5
2024/04/16 13:25,01F1572N,01F1465N,42,437,16
2024/04/16 13:25,01F1572N,01F1465N,5,494,13
2024/04/16 13:25,01F1389S,01F1465S,31,263,120
2024/04/16 13:25,01F1389S,01F1465S,32,271,51
2024/04/16 13:25,01F1389S,01F1465S,41,290,3
2024/04/16 13:25,01F1389S,01F1465S,42,309,22
2024/04/16 13:25,01F1389S,01F1465S,5,322,8
2024/04/16 13:25,01F1621N,01F1572N,31,164,129
2024/04/16 13:25,01F1621N,01F1572N,32,169,40
2024/04/16 13:25,01F1621N,01F1572N,41,172,1
2024/04/16 13:25,01F1621N,01F1572N,42,192,16
2024/04/16 13:25,01F1621N,01F1572N,5,207,11
2024/04/16 13:25,01F1465S,01F1572S,31,370,110
2024/04/16 13:25,01F1465S,01F1572S,32,390,49
2024/04/16 13:25,01F1465S,01F1572S,41,396,7
2024/04/16 13:25,01F1465S,01F1572S,42,427,24
2024/04/16 13:25,01F1465S,01F1572S,5,438,9
2024/04/16 13:25,01F1664N,01F1621N,31,146,113
2024/04/16 13:25,01F1664N,01F1621N,32,154,35
2024/04/16 13:25,01F1664N,01F1621N,41,967,2
2024/04/16 13:25,01F1664N,01F1621N,42,173,13
2024/04/16 13:25,01F1664N,01F1621N,5,194,6
2024/04/16 13:25,03F1651S,01F1621N,31,0,0
2024/04/16 13:25,03F1651S,01F1621N,32,0,0
2024/04/16 13:25,03F1651S,01F1621N,41,0,0
2024/04/16 13:25,03F1651S,01F1621N,42,0,0
2024/04/16 13:25,03F1651S,01F1621N,5,0,0
2024/04/16 13:25,03F1710N,01F1621N,31,564,3
2024/04/16 13:25,03F1710N,01F1621N,32,601,1
2024/04/16 13:25,03F1710N,01F1621N,41,0,0
2024/04/16 13:25,03F1710N,01F1621N,42,0,0
2024/04/16 13:25,03F1710N,01F1621N,5,0,0
2024/04/16 13:25,01F1572S,01F1621S,31,165,109
2024/04/16 13:25,01F1572S,01F1621S,32,171,44
2024/04/16 13:25,01F1572S,01F1621S,41,181,5
2024/04/16 13:25,01F1572S,01F1621S,42,198,20
2024/04/16 13:25,01F1572S,01F1621S,5,191,8
2024/04/16 13:25,01F1699N,01F1664N,31,122,147
2024/04/16 13:25,01F1699N,01F1664N,32,128,61
2024/04/16 13:25,01F1699N,01F1664N,41,148,2
2024/04/16 13:25,01F1699N,01F1664N,42,136,17
2024/04/16 13:25,01F1699N,01F1664N,5,147,13
2024/04/16 13:25,01F1621S,01F1664S,31,146,124
2024/04/16 13:25,01F1621S,01F1664S,32,161,50
2024/04/16 13:25,01F1621S,01F1664S,41,174,2
2024/04/16 13:25,01F1621S,01F1664S,42,170,21
2024/04/16 13:25,01F1621S,01F1664S,5,184,6
2024/04/16 13:25,03F1651S,01F1664S,31,553,14
2024/04/16 13:25,03F1651S,01F1664S,32,530,7
2024/04/16 13:25,03F1651S,01F1664S,41,0,0
2024/04/16 13:25,03F1651S,01F1664S,42,1910,1
2024/04/16 13:25,03F1651S,01F1664S,5,0,0
2024/04/16 13:25,03F1710N,01F1664S,31,443,1
2024/04/16 13:25,03F1710N,01F1664S,32,0,0
2024/04/16 13:25,03F1710N,01F1664S,41,0,0
2024/04/16 13:25,03F1710N,01F1664S,42,559,1
2024/04/16 13:25,03F1710N,01F1664S,5,514,1
2024/04/16 13:25,01F1774N,01F1699N,31,269,163
2024/04/16 13:25,01F1774N,01F1699N,32,281,56
2024/04/16 13:25,01F1774N,01F1699N,41,0,0
2024/04/16 13:25,01F1774N,01F1699N,42,303,17
2024/04/16 13:25,01F1774N,01F1699N,5,326,13
2024/04/16 13:25,01F1664S,01F1699S,31,482,123
2024/04/16 13:25,01F1664S,01F1699S,32,495,44
2024/04/16 13:25,01F1664S,01F1699S,41,541,6
2024/04/16 13:25,01F1664S,01F1699S,42,511,13
2024/04/16 13:25,01F1664S,01F1699S,5,496,8
2024/04/16 13:25,01F1802N,01F1774N,31,95,102
2024/04/16 13:25,01F1802N,01F1774N,32,100,52
2024/04/16 13:25,01F1802N,01F1774N,41,119,2
2024/04/16 13:25,01F1802N,01F1774N,42,114,21
2024/04/16 13:25,01F1802N,01F1774N,5,113,17
2024/04/16 13:25,01F1699S,01F1774S,31,636,135
2024/04/16 13:25,01F1699S,01F1774S,32,673,39
2024/04/16 13:25,01F1699S,01F1774S,41,881,9
2024/04/16 13:25,01F1699S,01F1774S,42,886,22
2024/04/16 13:25,01F1699S,01F1774S,5,895,11
2024/04/16 13:25,01F1839N,01F1802N,31,130,109
2024/04/16 13:25,01F1839N,01F1802N,32,133,56
2024/04/16 13:25,01F1839N,01F1802N,41,144,2
2024/04/16 13:25,01F1839N,01F1802N,42,147,21
2024/04/16 13:25,01F1839N,01F1802N,5,156,18
2024/04/16 13:25,01F1774S,01F1802S,31,93,96
2024/04/16 13:25,01F1774S,01F1802S,32,100,46
2024/04/16 13:25,01F1774S,01F1802S,41,102,2
2024/04/16 13:25,01F1774S,01F1802S,42,104,23
2024/04/16 13:25,01F1774S,01F1802S,5,109,9
2024/04/16 13:25,01F1906N,01F1839N,31,232,131
2024/04/16 13:25,01F1906N,01F1839N,32,242,59
2024/04/16 13:25,01F1906N,01F1839N,41,255,2
2024/04/16 13:25,01F1906N,01F1839N,42,289,12
2024/04/16 13:25,01F1906N,01F1839N,5,283,15
2024/04/16 13:25,01F1802S,01F1839S,31,122,104
2024/04/16 13:25,01F1802S,01F1839S,32,129,48
2024/04/16 13:25,01F1802S,01F1839S,41,138,3
2024/04/16 13:25,01F1802S,01F1839S,42,135,17
2024/04/16 13:25,01F1802S,01F1839S,5,150,9
2024/04/16 13:25,01F1960N,01F1906N,31,185,148
2024/04/16 13:25,01F1960N,01F1906N,32,186,49
2024/04/16 13:25,01F1960N,01F1906N,41,212,3
2024/04/16 13:25,01F1960N,01F1906N,42,204,22
2024/04/16 13:25,01F1960N,01F1906N,5,231,13
2024/04/16 13:25,03F1944S,01F1906N,31,234,14
2024/04/16 13:25,03F1944S,01F1906N,32,258,3
2024/04/16 13:25,03F1944S,01F1906N,41,0,0
2024/04/16 13:25,03F1944S,01F1906N,42,316,1
2024/04/16 13:25,03F1944S,01F1906N,5,0,0
2024/04/16 13:25,03F1992N,01F1906N,31,238,14
2024/04/16 13:25,03F1992N,01F1906N,32,257,8
2024/04/16 13:25,03F1992N,01F1906N,41,0,0
2024/04/16 13:25,03F1992N,01F1906N,42,277,2
2024/04/16 13:25,03F1992N,01F1906N,5,270,1
2024/04/16 13:25,01F1839S,01F1906S,31,230,120
2024/04/16 13:25,01F1839S,01F1906S,32,241,60
2024/04/16 13:25,01F1839S,01F1906S,41,249,1
2024/04/16 13:25,01F1839S,01F1906S,42,286,14
2024/04/16 13:25,01F1839S,01F1906S,5,270,15
2024/04/16 13:25,01F2011N,01F1960N,31,178,144
2024/04/16 13:25,01F2011N,01F1960N,32,182,63
2024/04/16 13:25,01F2011N,01F1960N,41,194,8
2024/04/16 13:25,01F2011N,01F1960N,42,203,41
2024/04/16 13:25,01F2011N,01F1960N,5,212,35
2024/04/16 13:25,01F1906S,01F1960S,31,182,129
2024/04/16 13:25,01F1906S,01F1960S,32,188,59
2024/04/16 13:25,01F1906S,01F1960S,41,202,2
2024/04/16 13:25,01F1906S,01F1960S,42,209,22
2024/04/16 13:25,01F1906S,01F1960S,5,213,12
2024/04/16 13:25,03F1944S,01F1960S,31,262,33
2024/04/16 13:25,03F1944S,01F1960S,32,271,21
2024/04/16 13:25,03F1944S,01F1960S,41,0,0
2024/04/16 13:25,03F1944S,01F1960S,42,278,10
2024/04/16 13:25,03F1944S,01F1960S,5,275,17
2024/04/16 13:25,03F1992N,01F1960S,31,273,32
2024/04/16 13:25,03F1992N,01F1960S,32,280,25
2024/04/16 13:25,03F1992N,01F1960S,41,0,0
2024/04/16 13:25,03F1992N,01F1960S,42,304,5
2024/04/16 13:25,03F1992N,01F1960S,5,296,4
2024/04/16 13:25,01F2089N,01F2011N,31,270,146
2024/04/16 13:25,01F2089N,01F2011N,32,277,70
2024/04/16 13:25,01F2089N,01F2011N,41,297,3
2024/04/16 13:25,01F2089N,01F2011N,42,305,25
2024/04/16 13:25,01F2089N,01F2011N,5,321,23
2024/04/16 13:25,01F1960S,01F2011S,31,174,135
2024/04/16 13:25,01F1960S,01F2011S,32,181,71
2024/04/16 13:25,01F1960S,01F2011S,41,191,7
2024/04/16 13:25,01F1960S,01F2011S,42,201,31
2024/04/16 13:25,01F1960S,01F2011S,5,207,37
2024/04/16 13:25,01F2156N,01F2089N,31,235,156
2024/04/16 13:25,01F2156N,01F2089N,32,245,66
2024/04/16 13:25,01F2156N,01F2089N,41,248,2
2024/04/16 13:25,01F2156N,01F2089N,42,266,33
2024/04/16 13:25,01F2156N,01F2089N,5,275,38
2024/04/16 13:25,01F2011S,01F2089S,31,276,144
2024/04/16 13:25,01F2011S,01F2089S,32,289,63
2024/04/16 13:25,01F2011S,01F2089S,41,282,2
2024/04/16 13:25,01F2011S,01F2089S,42,316,29
2024/04/16 13:25,01F2011S,01F2089S,5,321,34
2024/04/16 13:25,01F2249N,01F2156N,31,313,117
2024/04/16 13:25,01F2249N,01F2156N,32,323,40
2024/04/16 13:25,01F2249N,01F2156N,41,362,2
2024/04/16 13:25,01F2249N,01F2156N,42,412,17
2024/04/16 13:25,01F2249N,01F2156N,5,391,17
2024/04/16 13:25,01F2089S,01F2156S,31,225,113
2024/04/16 13:25,01F2089S,01F2156S,32,232,51
2024/04/16 13:25,01F2089S,01F2156S,41,240,8
2024/04/16 13:25,01F2089S,01F2156S,42,250,25
2024/04/16 13:25,01F2089S,01F2156S,5,261,26
2024/04/16 13:25,01F2322N,01F2249N,31,253,112
2024/04/16 13:25,01F2322N,01F2249N,32,262,40
2024/04/16 13:25,01F2322N,01F2249N,41,282,3
2024/04/16 13:25,01F2322N,01F2249N,42,291,26
2024/04/16 13:25,01F2322N,01F2249N,5,300,29
2024/04/16 13:25,01F2156S,01F2249S,31,326,119
2024/04/16 13:25,01F2156S,01F2249S,32,335,46
2024/04/16 13:25,01F2156S,01F2249S,41,356,4
2024/04/16 13:25,01F2156S,01F2249S,42,365,18
2024/04/16 13:25,01F2156S,01F2249S,5,392,29
2024/04/16 13:25,01F2394N,01F2322N,31,250,102
2024/04/16 13:25,01F2394N,01F2322N,32,255,60
2024/04/16 13:25,01F2394N,01F2322N,41,277,2
2024/04/16 13:25,01F2394N,01F2322N,42,289,23
2024/04/16 13:25,01F2394N,01F2322N,5,298,16
2024/04/16 13:25,01F2249S,01F2322S,31,258,129
2024/04/16 13:25,01F2249S,01F2322S,32,261,52
2024/04/16 13:25,01F2249S,01F2322S,41,277,4
2024/04/16 13:25,01F2249S,01F2322S,42,290,25
2024/04/16 13:25,01F2249S,01F2322S,5,299,46
2024/04/16 13:25,01F2425N,01F2394N,31,100,99
2024/04/16 13:25,01F2425N,01F2394N,32,109,41
2024/04/16 13:25,01F2425N,01F2394N,41,106,4
2024/04/16 13:25,01F2425N,01F2394N,42,115,35
2024/04/16 13:25,01F2425N,01F2394N,5,122,14
2024/04/16 13:25,01F2322S,01F2394S,31,241,107
2024/04/16 13:25,01F2322S,01F2394S,32,259,43
2024/04/16 13:25,01F2322S,01F2394S,41,268,1
2024/04/16 13:25,01F2322S,01F2394S,42,289,15
2024/04/16 13:25,01F2322S,01F2394S,5,289,27
2024/04/16 13:25,01F2472N,01F2425N,31,153,92
2024/04/16 13:25,01F2472N,01F2425N,32,167,48
2024/04/16 13:25,01F2472N,01F2425N,41,185,6
2024/04/16 13:25,01F2472N,01F2425N,42,176,41
2024/04/16 13:25,01F2472N,01F2425N,5,191,20
2024/04/16 13:25,01F2394S,01F2425S,31,102,79
2024/04/16 13:25,01F2394S,01F2425S,32,104,45
2024/04/16 13:25,01F2394S,01F2425S,41,0,0
2024/04/16 13:25,01F2394S,01F2425S,42,118,18
2024/04/16 13:25,01F2394S,01F2425S,5,124,31
2024/04/16 13:25,01F2514N,01F2472N,31,142,112
2024/04/16 13:25,01F2514N,01F2472N,32,149,73
2024/04/16 13:25,01F2514N,01F2472N,41,156,10
2024/04/16 13:25,01F2514N,01F2472N,42,162,28
2024/04/16 13:25,01F2514N,01F2472N,5,175,20
2024/04/16 13:25,01F2425S,01F2472S,31,154,81
2024/04/16 13:25,01F2425S,01F2472S,32,157,35
2024/04/16 13:25,01F2425S,01F2472S,41,170,2
2024/04/16 13:25,01F2425S,01F2472S,42,171,17
2024/04/16 13:25,01F2425S,01F2472S,5,190,31
2024/04/16 13:25,01F2603N,01F2514N,31,299,104
2024/04/16 13:25,01F2603N,01F2514N,32,314,59
2024/04/16 13:25,01F2603N,01F2514N,41,346,5
2024/04/16 13:25,01F2603N,01F2514N,42,340,31
2024/04/16 13:25,01F2603N,01F2514N,5,343,20
2024/04/16 13:25,01F2472S,01F2514S,31,142,96
2024/04/16 13:25,01F2472S,01F2514S,32,147,39
2024/04/16 13:25,01F2472S,01F2514S,41,157,2
2024/04/16 13:25,01F2472S,01F2514S,42,159,28
2024/04/16 13:25,01F2472S,01F2514S,5,170,30
2024/04/16 13:25,01F2674N,01F2603N,31,239,76
2024/04/16 13:25,01F2674N,01F2603N,32,249,30
2024/04/16 13:25,01F2674N,01F2603N,41,0,0
2024/04/16 13:25,01F2674N,01F2603N,42,272,21
2024/04/16 13:25,01F2674N,01F2603N,5,281,12
2024/04/16 13:25,01F2514S,01F2603S,31,297,101
2024/04/16 13:25,01F2514S,01F2603S,32,302,39
2024/04/16 13:25,01F2514S,01F2603S,41,326,4
2024/04/16 13:25,01F2514S,01F2603S,42,353,28
2024/04/16 13:25,01F2514S,01F2603S,5,350,27
2024/04/16 13:25,01F2714N,01F2674N,31,136,81
2024/04/16 13:25,01F2714N,01F2674N,32,140,47
2024/04/16 13:25,01F2714N,01F2674N,41,152,4
2024/04/16 13:25,01F2714N,01F2674N,42,148,20
2024/04/16 13:25,01F2714N,01F2674N,5,160,18
2024/04/16 13:25,01F2603S,01F2674S,31,234,82
2024/04/16 13:25,01F2603S,01F2674S,32,244,34
2024/04/16 13:25,01F2603S,01F2674S,41,264,2
2024/04/16 13:25,01F2603S,01F2674S,42,273,29
2024/04/16 13:25,01F2603S,01F2674S,5,294,38
2024/04/16 13:25,01F2827N,01F2714N,31,382,81
2024/04/16 13:25,01F2827N,01F2714N,32,390,34
2024/04/16 13:25,01F2827N,01F2714N,41,421,4
2024/04/16 13:25,01F2827N,01F2714N,42,491,15
2024/04/16 13:25,01F2827N,01F2714N,5,503,18
2024/04/16 13:25,01F2674S,01F2714S,31,139,109
2024/04/16 13:25,01F2674S,01F2714S,32,141,61
2024/04/16 13:25,01F2674S,01F2714S,41,158,2
2024/04/16 13:25,01F2674S,01F2714S,42,160,25
2024/04/16 13:25,01F2674S,01F2714S,5,166,46
2024/04/16 13:25,01F2866N,01F2827N,31,127,97
2024/04/16 13:25,01F2866N,01F2827N,32,138,41
2024/04/16 13:25,01F2866N,01F2827N,41,146,5
2024/04/16 13:25,01F2866N,01F2827N,42,144,17
2024/04/16 13:25,01F2866N,01F2827N,5,166,23
2024/04/16 13:25,01F2714S,01F2827S,31,381,64
2024/04/16 13:25,01F2714S,01F2827S,32,380,38
2024/04/16 13:25,01F2714S,01F2827S,41,427,2
2024/04/16 13:25,01F2714S,01F2827S,42,425,22
2024/04/16 13:25,01F2714S,01F2827S,5,449,36
2024/04/16 13:25,01F2930N,01F2866N,31,207,87
2024/04/16 13:25,01F2930N,01F2866N,32,220,36
2024/04/16 13:25,01F2930N,01F2866N,41,0,0
2024/04/16 13:25,01F2930N,01F2866N,42,242,17
2024/04/16 13:25,01F2930N,01F2866N,5,247,20
2024/04/16 13:25,01F2827S,01F2866S,31,133,108
2024/04/16 13:25,01F2827S,01F2866S,32,134,56
2024/04/16 13:25,01F2827S,01F2866S,41,142,3
2024/04/16 13:25,01F2827S,01F2866S,42,153,25
2024/04/16 13:25,01F2827S,01F2866S,5,155,33
2024/04/16 13:25,01F3019N,01F2930N,31,296,95
2024/04/16 13:25,01F3019N,01F2930N,32,300,43
2024/04/16 13:25,01F3019N,01F2930N,41,318,2
2024/04/16 13:25,01F3019N,01F2930N,42,327,20
2024/04/16 13:25,01F3019N,01F2930N,5,367,20
2024/04/16 13:25,01F2866S,01F2930S,31,216,100
2024/04/16 13:25,01F2866S,01F2930S,32,223,48
2024/04/16 13:25,01F2866S,01F2930S,41,240,6
2024/04/16 13:25,01F2866S,01F2930S,42,243,23
2024/04/16 13:25,01F2866S,01F2930S,5,271,21
2024/04/16 13:25,01F3083N,01F3019N,31,210,96
2024/04/16 13:25,01F3083N,01F3019N,32,223,52
2024/04/16 13:25,01F3083N,01F3019N,41,226,5
2024/04/16 13:25,01F3083N,01F3019N,42,244,20
2024/04/16 13:25,01F3083N,01F3019N,5,261,18
2024/04/16 13:25,01F2930S,01F3019S,31,303,119
2024/04/16 13:25,01F2930S,01F3019S,32,319,46
2024/04/16 13:25,01F2930S,01F3019S,41,344,3
2024/04/16 13:25,01F2930S,01F3019S,42,342,23
2024/04/16 13:25,01F2930S,01F3019S,5,348,35
2024/04/16 13:25,01F3126N,01F3083N,31,143,106
2024/04/16 13:25,01F3126N,01F3083N,32,149,55
2024/04/16 13:25,01F3126N,01F3083N,41,163,4
2024/04/16 13:25,01F3126N,01F3083N,42,164,26
2024/04/16 13:25,01F3126N,01F3083N,5,176,23
2024/04/16 13:25,01F3019S,01F3083S,31,218,124
2024/04/16 13:25,01F3019S,01F3083S,32,220,59
2024/04/16 13:25,01F3019S,01F3083S,41,242,3
2024/04/16 13:25,01F3019S,01F3083S,42,259,26
2024/04/16 13:25,01F3019S,01F3083S,5,262,45
2024/04/16 13:25,01F3185N,01F3126N,31,208,116
2024/04/16 13:25,01F3185N,01F3126N,32,217,52
2024/04/16 13:25,01F3185N,01F3126N,41,257,3
2024/04/16 13:25,01F3185N,01F3126N,42,246,18
2024/04/16 13:25,01F3185N,01F3126N,5,246,17
2024/04/16 13:25,03F3445S,01F3126N,31,0,0
2024/04/16 13:25,03F3445S,01F3126N,32,0,0
2024/04/16 13:25,03F3445S,01F3126N,41,0,0
2024/04/16 13:25,03F3445S,01F3126N,42,0,0
2024/04/16 13:25,03F3445S,01F3126N,5,0,0
2024/04/16 13:25,03F3496N,01F3126N,31,508,5
2024/04/16 13:25,03F3496N,01F3126N,32,511,3
2024/04/16 13:25,03F3496N,01F3126N,41,0,0
2024/04/16 13:25,03F3496N,01F3126N,42,565,1
2024/04/16 13:25,03F3496N,01F3126N,5,627,3
2024/04/16 13:25,01F3083S,01F3126S,31,143,132
2024/04/16 13:25,01F3083S,01F3126S,32,147,57
2024/04/16 13:25,01F3083S,01F3126S,41,162,1
2024/04/16 13:25,01F3083S,01F3126S,42,168,28
2024/04/16 13:25,01F3083S,01F3126S,5,172,50
2024/04/16 13:25,01F3227N,01F3185N,31,153,128
2024/04/16 13:25,01F3227N,01F3185N,32,163,75
2024/04/16 13:25,01F3227N,01F3185N,41,166,2
2024/04/16 13:25,01F3227N,01F3185N,42,171,26
2024/04/16 13:25,01F3227N,01F3185N,5,181,16
2024/04/16 13:25,01F3126S,01F3185S,31,209,138
2024/04/16 13:25,01F3126S,01F3185S,32,214,43
2024/04/16 13:25,01F3126S,01F3185S,41,0,0
2024/04/16 13:25,01F3126S,01F3185S,42,229,23
2024/04/16 13:25,01F3126S,01F3185S,5,242,34
2024/04/16 13:25,03F3445S,01F3185S,31,609,9
2024/04/16 13:25,03F3445S,01F3185S,32,1701,2
2024/04/16 13:25,03F3445S,01F3185S,41,0,0
2024/04/16 13:25,03F3445S,01F3185S,42,649,2
2024/04/16 13:25,03F3445S,01F3185S,5,596,1
2024/04/16 13:25,03F3496N,01F3185S,31,612,5
2024/04/16 13:25,03F3496N,01F3185S,32,0,0
2024/04/16 13:25,03F3496N,01F3185S,41,0,0
2024/04/16 13:25,03F3496N,01F3185S,42,0,0
2024/04/16 13:25,03F3496N,01F3185S,5,588,1
2024/04/16 13:25,01F3252N,01F3227N,31,89,117
2024/04/16 13:25,01F3252N,01F3227N,32,94,65
2024/04/16 13:25,01F3252N,01F3227N,41,95,2
2024/04/16 13:25,01F3252N,01F3227N,42,102,27
2024/04/16 13:25,01F3252N,01F3227N,5,107,22
2024/04/16 13:25,01F3185S,01F3227S,31,149,128
2024/04/16 13:25,01F3185S,01F3227S,32,150,57
2024/04/16 13:25,01F3185S,01F3227S,41,0,0
2024/04/16 13:25,01F3185S,01F3227S,42,171,19
2024/04/16 13:25,01F3185S,01F3227S,5,173,45
2024/04/16 13:25,01F3286N,01F3252N,31,116,90
2024/04/16 13:25,01F3286N,01F3252N,32,122,47
2024/04/16 13:25,01F3286N,01F3252N,41,133,3
2024/04/16 13:25,01F3286N,01F3252N,42,132,23
2024/04/16 13:25,01F3286N,01F3252N,5,143,25
2024/04/16 13:25,01F3227S,01F3252S,31,89,128
2024/04/16 13:25,01F3227S,01F3252S,32,91,65
2024/04/16 13:25,01F3227S,01F3252S,41,88,1
2024/04/16 13:25,01F3227S,01F3252S,42,95,28
2024/04/16 13:25,01F3227S,01F3252S,5,100,45
2024/04/16 13:25,01F3366N,01F3286N,31,353,96
2024/04/16 13:25,01F3366N,01F3286N,32,368,61
2024/04/16 13:25,01F3366N,01F3286N,41,397,3
2024/04/16 13:25,01F3366N,01F3286N,42,392,22
2024/04/16 13:25,01F3366N,01F3286N,5,406,19
2024/04/16 13:25,01F3252S,01F3286S,31,118,82
2024/04/16 13:25,01F3252S,01F3286S,32,124,67
2024/04/16 13:25,01F3252S,01F3286S,41,125,1
2024/04/16 13:25,01F3252S,01F3286S,42,140,27
2024/04/16 13:25,01F3252S,01F3286S,5,142,39
2024/04/16 13:25,01F3398N,01F3366N,31,111,148
2024/04/16 13:25,01F3398N,01F3366N,32,113,80
2024/04/16 13:25,01F3398N,01F3366N,41,126,1
2024/04/16 13:25,01F3398N,01F3366N,42,126,20
2024/04/16 13:25,01F3398N,01F3366N,5,127,30
2024/04/16 13:25,01F3286S,01F3366S,31,292,131
2024/04/16 13:25,01F3286S,01F3366S,32,302,65
2024/04/16 13:25,01F3286S,01F3366S,41,335,1
2024/04/16 13:25,01F3286S,01F3366S,42,333,25
2024/04/16 13:25,01F3286S,01F3366S,5,331,51
2024/04/16 13:25,01F3460N,01F3398N,31,220,133
2024/04/16 13:25,01F3460N,01F3398N,32,225,74
2024/04/16 13:25,01F3460N,01F3398N,41,234,1
2024/04/16 13:25,01F3460N,01F3398N,42,257,10
2024/04/16 13:25,01F3460N,01F3398N,5,263,35
2024/04/16 13:25,01F3366S,01F3398S,31,114,153
2024/04/16 13:25,01F3366S,01F3398S,32,119,88
2024/04/16 13:25,01F3366S,01F3398S,41,129,1
2024/04/16 13:25,01F3366S,01F3398S,42,124,26
2024/04/16 13:25,01F3366S,01F3398S,5,131,50
2024/04/16 13:25,01F3535N,01F3460N,31,272,122
2024/04/16 13:25,01F3535N,01F3460N,32,285,84
2024/04/16 13:25,01F3535N,01F3460N,41,0,0
2024/04/16 13:25,01F3535N,01F3460N,42,306,16
2024/04/16 13:25,01F3535N,01F3460N,5,334,39
2024/04/16 13:25,01F3398S,01F3460S,31,225,140
2024/04/16 13:25,01F3398S,01F3460S,32,232,68
2024/04/16 13:25,01F3398S,01F3460S,41,244,1
2024/04/16 13:25,01F3398S,01F3460S,42,253,30
2024/04/16 13:25,01F3398S,01F3460S,5,257,37
2024/04/16 13:25,01F3559N,01F3535N,31,92,152
2024/04/16 13:25,01F3559N,01F3535N,32,91,79
2024/04/16 13:25,01F3559N,01F3535N,41,0,0
2024/04/16 13:25,01F3559N,01F3535N,42,104,19
2024/04/16 13:25,01F3559N,01F3535N,5,106,35
2024/04/16 13:25,01F3460S,01F3535S,31,411,156
2024/04/16 13:25,01F3460S,01F3535S,32,415,67
2024/04/16 13:25,01F3460S,01F3535S,41,0,0
2024/04/16 13:25,01F3460S,01F3535S,42,434,27
2024/04/16 13:25,01F3460S,01F3535S,5,432,48
2024/04/16 13:25,01F3590N,01F3559N,31,117,139
2024/04/16 13:25,01F3590N,01F3559N,32,119,85
2024/04/16 13:25,01F3590N,01F3559N,41,0,0
2024/04/16 13:25,01F3590N,01F3559N,42,132,13
2024/04/16 13:25,01F3590N,01F3559N,5,137,37
2024/04/16 13:25,01F3535S,01F3561S,31,105,158
2024/04/16 13:25,01F3535S,01F3561S,32,109,66
2024/04/16 13:25,01F3535S,01F3561S,41,0,0
2024/04/16 13:25,01F3535S,01F3561S,42,115,26
2024/04/16 13:25,01F3535S,01F3561S,5,113,47
2024/04/16 13:25,01F3640N,01F3590N,31,188,139
2024/04/16 13:25,01F3640N,01F3590N,32,193,71
2024/04/16 13:25,01F3640N,01F3590N,41,0,0
2024/04/16 13:25,01F3640N,01F3590N,42,223,15
2024/04/16 13:25,01F3640N,01F3590N,5,220,50
2024/04/16 13:25,03F3743S,01F3590N,31,0,0
2024/04/16 13:25,03F3743S,01F3590N,32,0,0
2024/04/16 13:25,03F3743S,01F3590N,41,0,0
2024/04/16 13:25,03F3743S,01F3590N,42,0,0
2024/04/16 13:25,03F3743S,01F3590N,5,0,0
2024/04/16 13:25,03F3854N,01F3590N,31,946,1
2024/04/16 13:25,03F3854N,01F3590N,32,0,0
2024/04/16 13:25,03F3854N,01F3590N,41,0,0
2024/04/16 13:25,03F3854N,01F3590N,42,0,0
2024/04/16 13:25,03F3854N,01F3590N,5,973,2
2024/04/16 13:25,01F3561S,01F3590S,31,121,154
2024/04/16 13:25,01F3561S,01F3590S,32,123,72
2024/04/16 13:25,01F3561S,01F3590S,41,0,0
2024/04/16 13:25,01F3561S,01F3590S,42,132,21
2024/04/16 13:25,01F3561S,01F3590S,5,133,43
2024/04/16 13:25,01F3676N,01F3640N,31,142,131
2024/04/16 13:25,01F3676N,01F3640N,32,150,96
2024/04/16 13:25,01F3676N,01F3640N,41,0,0
2024/04/16 13:25,01F3676N,01F3640N,42,167,30
2024/04/16 13:25,01F3676N,01F3640N,5,154,63
2024/04/16 13:25,01F3590S,01F3640S,31,189,145
2024/04/16 13:25,01F3590S,01F3640S,32,199,86
2024/04/16 13:25,01F3590S,01F3640S,41,207,1
2024/04/16 13:25,01F3590S,01F3640S,42,221,18
2024/04/16 13:25,01F3590S,01F3640S,5,213,43
2024/04/16 13:25,03F3743S,01F3640S,31,1093,13
2024/04/16 13:25,03F3743S,01F3640S,32,1135,2
2024/04/16 13:25,03F3743S,01F3640S,41,0,0
2024/04/16 13:25,03F3743S,01F3640S,42,1143,1
2024/04/16 13:25,03F3743S,01F3640S,5,1128,5
2024/04/16 13:25,03F3854N,01F3640S,31,903,11
2024/04/16 13:25,03F3854N,01F3640S,32,2101,2
2024/04/16 13:25,03F3854N,01F3640S,41,0,0
2024/04/16 13:25,03F3854N,01F3640S,42,0,0
2024/04/16 13:25,03F3854N,01F3640S,5,0,0
2024/04/16 13:25,01F3696N,01F3676N,31,86,143
2024/04/16 13:25,01F3696N,01F3676N,32,92,98
2024/04/16 13:25,01F3696N,01F3676N,41,88,1
2024/04/16 13:25,01F3696N,01F3676N,42,100,21
2024/04/16 13:25,01F3696N,01F3676N,5,100,65
2024/04/16 13:25,01F3640S,01F3676S,31,134,145
2024/04/16 13:25,01F3640S,01F3676S,32,139,91
2024/04/16 13:25,01F3640S,01F3676S,41,0,0
2024/04/16 13:25,01F3640S,01F3676S,42,156,20
2024/04/16 13:25,01F3640S,01F3676S,5,151,64
2024/04/16 13:25,01F3676S,01F3686S,31,40,155
2024/04/16 13:25,01F3676S,01F3686S,32,40,88
2024/04/16 13:25,01F3676S,01F3686S,41,58,1
2024/04/16 13:25,01F3676S,01F3686S,42,47,20
2024/04/16 13:25,01F3676S,01F3686S,5,46,59
2024/04/16 13:25,01F3736N,01F3696N,31,170,12
2024/04/16 13:25,01F3736N,01F3696N,32,166,8
2024/04/16 13:25,01F3736N,01F3696N,41,0,0
2024/04/16 13:25,01F3736N,01F3696N,42,180,2
2024/04/16 13:25,01F3736N,01F3696N,5,191,31
2024/04/16 13:25,01F3686S,01F3736S,31,218,6
2024/04/16 13:25,01F3686S,01F3736S,32,206,4
2024/04/16 13:25,01F3686S,01F3736S,41,0,0
2024/04/16 13:25,01F3686S,01F3736S,42,212,4
2024/04/16 13:25,01F3686S,01F3736S,5,222,21
2024/04/16 13:25,01F0099S,01H0163S,31,250,45
2024/04/16 13:25,01F0099S,01H0163S,32,258,23
2024/04/16 13:25,01F0099S,01H0163S,41,0,0
2024/04/16 13:25,01F0099S,01H0163S,42,0,0
2024/04/16 13:25,01F0099S,01H0163S,5,0,0
2024/04/16 13:25,03F0087S,01H0163S,31,270,5
2024/04/16 13:25,03F0087S,01H0163S,32,279,3
2024/04/16 13:25,03F0087S,01H0163S,41,0,0
2024/04/16 13:25,03F0087S,01H0163S,42,0,0
2024/04/16 13:25,03F0087S,01H0163S,5,0,0
2024/04/16 13:25,03F0116N,01H0163S,31,275,29
2024/04/16 13:25,03F0116N,01H0163S,32,283,14
2024/04/16 13:25,03F0116N,01H0163S,41,0,0
2024/04/16 13:25,03F0116N,01H0163S,42,0,0
2024/04/16 13:25,03F0116N,01H0163S,5,0,0
2024/04/16 13:25,01H0200N,01H0174N,31,100,76
2024/04/16 13:25,01H0200N,01H0174N,32,104,39
2024/04/16 13:25,01H0200N,01H0174N,41,0,0
2024/04/16 13:25,01H0200N,01H0174N,42,103,1
2024/04/16 13:25,01H0200N,01H0174N,5,0,0
2024/04/16 13:25,01H0208N,01H0200N,31,31,144
2024/04/16 13:25,01H0208N,01H0200N,32,31,62
2024/04/16 13:25,01H0208N,01H0200N,41,34,2
2024/04/16 13:25,01H0208N,01H0200N,42,34,2
2024/04/16 13:25,01H0208N,01H0200N,5,0,0
2024/04/16 13:25,01H0163S,01H0206S,31,161,58
2024/04/16 13:25,01H0163S,01H0206S,32,169,34
2024/04/16 13:25,01H0163S,01H0206S,41,0,0
2024/04/16 13:25,01H0163S,01H0206S,42,0,0
2024/04/16 13:25,01H0163S,01H0206S,5,0,0
2024/04/16 13:25,01H0271N,01H0208N,31,247,174
2024/04/16 13:25,01H0271N,01H0208N,32,252,78
2024/04/16 13:25,01H0271N,01H0208N,41,233,1
2024/04/16 13:25,01H0271N,01H0208N,42,270,2
2024/04/16 13:25,01H0271N,01H0208N,5,0,0
2024/04/16 13:25,01F0340N,01H0271N,31,278,94
2024/04/16 13:25,01F0340N,01H0271N,32,284,43
2024/04/16 13:25,01F0340N,01H0271N,41,0,0
2024/04/16 13:25,01F0340N,01H0271N,42,381,1
2024/04/16 13:25,01F0340N,01H0271N,5,0,0
2024/04/16 13:25,01H0333N,01H0271N,31,248,70
2024/04/16 13:25,01H0333N,01H0271N,32,248,27
2024/04/16 13:25,01H0333N,01H0271N,41,249,2
2024/04/16 13:25,01H0333N,01H0271N,42,0,0
2024/04/16 13:25,01H0333N,01H0271N,5,0,0
2024/04/16 13:25,01H0206S,01H0305S,31,377,126
2024/04/16 13:25,01H0206S,01H0305S,32,390,67
2024/04/16 13:25,01H0206S,01H0305S,41,407,2
2024/04/16 13:25,01H0206S,01H0305S,42,457,3
2024/04/16 13:25,01H0206S,01H0305S,5,0,0
2024/04/16 13:25,01H0447N,01H0333N,31,432,63
2024/04/16 13:25,01H0447N,01H0333N,32,448,25
2024/04/16 13:25,01H0447N,01H0333N,41,0,0
2024/04/16 13:25,01H0447N,01H0333N,42,0,0
2024/04/16 13:25,01H0447N,01H0333N,5,0,0
2024/04/16 13:25,01H0305S,01H0334S,31,106,73
2024/04/16 13:25,01H0305S,01H0334S,32,111,26
2024/04/16 13:25,01H0305S,01H0334S,41,114,1
2024/04/16 13:25,01H0305S,01H0334S,42,0,0
2024/04/16 13:25,01H0305S,01H0334S,5,0,0
2024/04/16 13:25,01H0579N,01H0447N,31,478,116
2024/04/16 13:25,01H0579N,01H0447N,32,492,38
2024/04/16 13:25,01H0579N,01H0447N,41,507,2
2024/04/16 13:25,01H0579N,01H0447N,42,0,0
2024/04/16 13:25,01H0579N,01H0447N,5,0,0
2024/04/16 13:25,01F0339S,01H0447S,31,423,108
2024/04/16 13:25,01F0339S,01H0447S,32,451,44
2024/04/16 13:25,01F0339S,01H0447S,41,434,4
2024/04/16 13:25,01F0339S,01H0447S,42,0,0
2024/04/16 13:25,01F0339S,01H0447S,5,0,0
2024/04/16 13:25,01H0334S,01H0447S,31,422,85
2024/04/16 13:25,01H0334S,01H0447S,32,438,15
2024/04/16 13:25,01H0334S,01H0447S,41,504,1
2024/04/16 13:25,01H0334S,01H0447S,42,0,0
2024/04/16 13:25,01H0334S,01H0447S,5,0,0
2024/04/16 13:25,01F0633N,01H0579N,31,222,46
2024/04/16 13:25,01F0633N,01H0579N,32,234,22
2024/04/16 13:25,01F0633N,01H0579N,41,0,0
2024/04/16 13:25,01F0633N,01H0579N,42,254,1
2024/04/16 13:25,01F0633N,01H0579N,5,0,0
2024/04/16 13:25,01H0608N,01H0579N,31,109,73
2024/04/16 13:25,01H0608N,01H0579N,32,108,21
2024/04/16 13:25,01H0608N,01H0579N,41,108,2
2024/04/16 13:25,01H0608N,01H0579N,42,0,0
2024/04/16 13:25,01H0608N,01H0579N,5,0,0
2024/04/16 13:25,01H0447S,01H0579S,31,477,83
2024/04/16 13:25,01H0447S,01H0579S,32,493,38
2024/04/16 13:25,01H0447S,01H0579S,41,481,6
2024/04/16 13:25,01H0447S,01H0579S,42,0,0
2024/04/16 13:25,01H0447S,01H0579S,5,0,0
2024/04/16 13:25,01F0750N,01H0608N,31,503,90
2024/04/16 13:25,01F0750N,01H0608N,32,515,31
2024/04/16 13:25,01F0750N,01H0608N,41,511,3
2024/04/16 13:25,01F0750N,01H0608N,42,0,0
2024/04/16 13:25,01F0750N,01H0608N,5,0,0
2024/04/16 13:25,01F0578S,01H0610S,31,132,49
2024/04/16 13:25,01F0578S,01H0610S,32,137,17
2024/04/16 13:25,01F0578S,01H0610S,41,140,1
2024/04/16 13:25,01F0578S,01H0610S,42,0,0
2024/04/16 13:25,01F0578S,01H0610S,5,0,0
2024/04/16 13:25,01H0579S,01H0610S,31,118,64
2024/04/16 13:25,01H0579S,01H0610S,32,120,25
2024/04/16 13:25,01H0579S,01H0610S,41,120,4
2024/04/16 13:25,01H0579S,01H0610S,42,0,0
2024/04/16 13:25,01H0579S,01H0610S,5,0,0
2024/04/16 13:25,03A0041N,03A0015N,31,120,47
2024/04/16 13:25,03A0041N,03A0015N,32,121,22
2024/04/16 13:25,03A0041N,03A0015N,41,118,1
2024/04/16 13:25,03A0041N,03A0015N,42,126,3
2024/04/16 13:25,03A0041N,03A0015N,5,0,0
2024/04/16 13:25,03F0201S,03A0041N,31,71,47
2024/04/16 13:25,03F0201S,03A0041N,32,73,17
2024/04/16 13:25,03F0201S,03A0041N,41,68,1
2024/04/16 13:25,03F0201S,03A0041N,42,76,3
2024/04/16 13:25,03F0201S,03A0041N,5,0,0
2024/04/16 13:25,03F0217N,03A0041N,31,114,26
2024/04/16 13:25,03F0217N,03A0041N,32,120,13
2024/04/16 13:25,03F0217N,03A0041N,41,0,0
2024/04/16 13:25,03F0217N,03A0041N,42,0,0
2024/04/16 13:25,03F0217N,03A0041N,5,0,0
2024/04/16 13:25,03A0015S,03A0041S,31,119,45
2024/04/16 13:25,03A0015S,03A0041S,32,118,16
2024/04/16 13:25,03A0015S,03A0041S,41,121,2
2024/04/16 13:25,03A0015S,03A0041S,42,137,1
2024/04/16 13:25,03A0015S,03A0041S,5,0,0
2024/04/16 13:25,03F0054N,03F0021N,31,138,30
2024/04/16 13:25,03F0054N,03F0021N,32,138,16
2024/04/16 13:25,03F0054N,03F0021N,41,0,0
2024/04/16 13:25,03F0054N,03F0021N,42,134,4
2024/04/16 13:25,03F0054N,03F0021N,5,148,11
2024/04/16 13:25,01F0099S,03F0054N,31,0,0
2024/04/16 13:25,01F0099S,03F0054N,32,0,0
2024/04/16 13:25,01F0099S,03F0054N,41,0,0
2024/04/16 13:25,01F0099S,03F0054N,42,0,0
2024/04/16 13:25,01F0099S,03F0054N,5,0,0
2024/04/16 13:25,01F0147N,03F0054N,31,356,12
2024/04/16 13:25,01F0147N,03F0054N,32,368,3
2024/04/16 13:25,01F0147N,03F0054N,41,0,0
2024/04/16 13:25,01F0147N,03F0054N,42,388,1
2024/04/16 13:25,01F0147N,03F0054N,5,366,7
2024/04/16 13:25,01H0174N,03F0054N,31,437,6
2024/04/16 13:25,01H0174N,03F0054N,32,451,4
2024/04/16 13:25,01H0174N,03F0054N,41,0,0
2024/04/16 13:25,01H0174N,03F0054N,42,0,0
2024/04/16 13:25,01H0174N,03F0054N,5,0,0
2024/04/16 13:25,03F0116N,03F0054N,31,237,14
2024/04/16 13:25,03F0116N,03F0054N,32,242,14
2024/04/16 13:25,03F0116N,03F0054N,41,0,0
2024/04/16 13:25,03F0116N,03F0054N,42,0,0
2024/04/16 13:25,03F0116N,03F0054N,5,259,2
2024/04/16 13:25,03F0006S,03F0087S,31,318,48
2024/04/16 13:25,03F0006S,03F0087S,32,327,19
2024/04/16 13:25,03F0006S,03F0087S,41,322,1
2024/04/16 13:25,03F0006S,03F0087S,42,361,2
2024/04/16 13:25,03F0006S,03F0087S,5,356,15
2024/04/16 13:25,03F0140N,03F0116N,31,99,75
2024/04/16 13:25,03F0140N,03F0116N,32,101,40
2024/04/16 13:25,03F0140N,03F0116N,41,103,2
2024/04/16 13:25,03F0140N,03F0116N,42,104,1
2024/04/16 13:25,03F0140N,03F0116N,5,109,15
2024/04/16 13:25,01F0099S,03F0116S,31,160,45
2024/04/16 13:25,01F0099S,03F0116S,32,138,22
2024/04/16 13:25,01F0099S,03F0116S,41,0,0
2024/04/16 13:25,01F0099S,03F0116S,42,162,2
2024/04/16 13:25,01F0099S,03F0116S,5,135,6
2024/04/16 13:25,01F0147N,03F0116S,31,169,24
2024/04/16 13:25,01F0147N,03F0116S,32,173,8
2024/04/16 13:25,01F0147N,03F0116S,41,0,0
2024/04/16 13:25,01F0147N,03F0116S,42,172,7
2024/04/16 13:25,01F0147N,03F0116S,5,178,2
2024/04/16 13:25,01H0174N,03F0116S,31,272,29
2024/04/16 13:25,01H0174N,03F0116S,32,283,15
2024/04/16 13:25,01H0174N,03F0116S,41,0,0
2024/04/16 13:25,01H0174N,03F0116S,42,1622,1
2024/04/16 13:25,01H0174N,03F0116S,5,0,0
2024/04/16 13:25,03F0087S,03F0116S,31,115,20
2024/04/16 13:25,03F0087S,03F0116S,32,115,7
2024/04/16 13:25,03F0087S,03F0116S,41,0,0
2024/04/16 13:25,03F0087S,03F0116S,42,122,3
2024/04/16 13:25,03F0087S,03F0116S,5,117,5
2024/04/16 13:25,03F0116S,03F0136S,31,79,70
2024/04/16 13:25,03F0116S,03F0136S,32,82,36
2024/04/16 13:25,03F0116S,03F0136S,41,0,0
2024/04/16 13:25,03F0116S,03F0136S,42,83,7
2024/04/16 13:25,03F0116S,03F0136S,5,85,9
2024/04/16 13:25,03F0150N,03F0140N,31,38,106
2024/04/16 13:25,03F0150N,03F0140N,32,38,47
2024/04/16 13:25,03F0150N,03F0140N,41,39,1
2024/04/16 13:25,03F0150N,03F0140N,42,38,7
2024/04/16 13:25,03F0150N,03F0140N,5,40,15
2024/04/16 13:25,03F0201N,03F0150N,31,207,120
2024/04/16 13:25,03F0201N,03F0150N,32,207,46
2024/04/16 13:25,03F0201N,03F0150N,41,0,0
2024/04/16 13:25,03F0201N,03F0150N,42,226,7
2024/04/16 13:25,03F0201N,03F0150N,5,223,14
2024/04/16 13:25,05F0001N,03F0150N,31,52,42
2024/04/16 13:25,05F0001N,03F0150N,32,50,22
2024/04/16 13:25,05F0001N,03F0150N,41,56,1
2024/04/16 13:25,05F0001N,03F0150N,42,0,0
2024/04/16 13:25,05F0001N,03F0150N,5,0,0
2024/04/16 13:25,03F0136S,03F0158S,31,85,110
2024/04/16 13:25,03F0136S,03F0158S,32,85,48
2024/04/16 13:25,03F0136S,03F0158S,41,0,0
2024/04/16 13:25,03F0136S,03F0158S,42,87,11
2024/04/16 13:25,03F0136S,03F0158S,5,91,7
2024/04/16 13:25,03A0041S,03F0201N,31,159,28
2024/04/16 13:25,03A0041S,03F0201N,32,136,7
2024/04/16 13:25,03A0041S,03F0201N,41,179,1
2024/04/16 13:25,03A0041S,03F0201N,42,113,1
2024/04/16 13:25,03A0041S,03F0201N,5,181,1
2024/04/16 13:25,03F0217N,03F0201N,31,60,113
2024/04/16 13:25,03F0217N,03F0201N,32,60,52
2024/04/16 13:25,03F0217N,03F0201N,41,60,2
2024/04/16 13:25,03F0217N,03F0201N,42,64,7
2024/04/16 13:25,03F0217N,03F0201N,5,64,9
2024/04/16 13:25,03F0158S,03F0201S,31,176,117
2024/04/16 13:25,03F0158S,03F0201S,32,181,65
2024/04/16 13:25,03F0158S,03F0201S,41,0,0
2024/04/16 13:25,03F0158S,03F0201S,42,185,14
2024/04/16 13:25,03F0158S,03F0201S,5,189,7
2024/04/16 13:25,05F0001N,03F0201S,31,212,31
2024/04/16 13:25,05F0001N,03F0201S,32,219,19
2024/04/16 13:25,05F0001N,03F0201S,41,227,1
2024/04/16 13:25,05F0001N,03F0201S,42,0,0
2024/04/16 13:25,05F0001N,03F0201S,5,0,0
2024/04/16 13:25,03F0301N,03F0217N,31,342,103
2024/04/16 13:25,03F0301N,03F0217N,32,361,71
2024/04/16 13:25,03F0301N,03F0217N,41,0,0
2024/04/16 13:25,03F0301N,03F0217N,42,388,8
2024/04/16 13:25,03F0301N,03F0217N,5,376,8
2024/04/16 13:25,03A0041S,03F0217S,31,87,35
2024/04/16 13:25,03A0041S,03F0217S,32,89,14
2024/04/16 13:25,03A0041S,03F0217S,41,103,1
2024/04/16 13:25,03A0041S,03F0217S,42,0,0
2024/04/16 13:25,03A0041S,03F0217S,5,93,2
2024/04/16 13:25,03F0201S,03F0217S,31,62,92
2024/04/16 13:25,03F0201S,03F0217S,32,64,71
2024/04/16 13:25,03F0201S,03F0217S,41,0,0
2024/04/16 13:25,03F0201S,03F0217S,42,66,15
2024/04/16 13:25,03F0201S,03F0217S,5,66,6
2024/04/16 13:25,03F0338N,03F0301N,31,141,120
2024/04/16 13:25,03F0338N,03F0301N,32,146,63
2024/04/16 13:25,03F0338N,03F0301N,41,146,3
2024/04/16 13:25,03F0338N,03F0301N,42,146,6
2024/04/16 13:25,03F0338N,03F0301N,5,145,7
2024/04/16 13:25,03F0217S,03F0301S,31,347,135
2024/04/16 13:25,03F0217S,03F0301S,32,355,77
2024/04/16 13:25,03F0217S,03F0301S,41,362,1
2024/04/16 13:25,03F0217S,03F0301S,42,358,5
2024/04/16 13:25,03F0217S,03F0301S,5,374,5
2024/04/16 13:25,03F0301S,03F0337S,31,149,148
2024/04/16 13:25,03F0301S,03F0337S,32,150,62
2024/04/16 13:25,03F0301S,03F0337S,41,0,0
2024/04/16 13:25,03F0301S,03F0337S,42,155,6
2024/04/16 13:25,03F0301S,03F0337S,5,156,5
2024/04/16 13:25,03F0394N,03F0338N,31,218,146
2024/04/16 13:25,03F0394N,03F0338N,32,226,77
2024/04/16 13:25,03F0394N,03F0338N,41,261,1
2024/04/16 13:25,03F0394N,03F0338N,42,233,7
2024/04/16 13:25,03F0394N,03F0338N,5,231,9
2024/04/16 13:25,03F0447N,03F0394N,31,198,206
2024/04/16 13:25,03F0447N,03F0394N,32,204,79
2024/04/16 13:25,03F0447N,03F0394N,41,218,3
2024/04/16 13:25,03F0447N,03F0394N,42,225,11
2024/04/16 13:25,03F0447N,03F0394N,5,225,9
2024/04/16 13:25,03F0337S,03F0394S,31,220,148
2024/04/16 13:25,03F0337S,03F0394S,32,228,63
2024/04/16 13:25,03F0337S,03F0394S,41,242,1
2024/04/16 13:25,03F0337S,03F0394S,42,255,14
2024/04/16 13:25,03F0337S,03F0394S,5,226,8
2024/04/16 13:25,03F0498N,03F0447N,31,184,289
2024/04/16 13:25,03F0498N,03F0447N,32,188,120
2024/04/16 13:25,03F0498N,03F0447N,41,208,3
2024/04/16 13:25,03F0498N,03F0447N,42,258,18
2024/04/16 13:25,03F0498N,03F0447N,5,211,20
2024/04/16 13:25,03F0394S,03F0447S,31,195,199
2024/04/16 13:25,03F0394S,03F0447S,32,206,121
2024/04/16 13:25,03F0394S,03F0447S,41,224,8
2024/04/16 13:25,03F0394S,03F0447S,42,232,12
2024/04/16 13:25,03F0394S,03F0447S,5,232,7
2024/04/16 13:25,03F0525N,03F0498N,31,96,223
2024/04/16 13:25,03F0525N,03F0498N,32,99,98
2024/04/16 13:25,03F0525N,03F0498N,41,110,6
2024/04/16 13:25,03F0525N,03F0498N,42,107,17
2024/04/16 13:25,03F0525N,03F0498N,5,105,14
2024/04/16 13:25,03F0447S,03F0498S,31,192,270
2024/04/16 13:25,03F0447S,03F0498S,32,198,145
2024/04/16 13:25,03F0447S,03F0498S,41,205,8
2024/04/16 13:25,03F0447S,03F0498S,42,221,22
2024/04/16 13:25,03F0447S,03F0498S,5,223,16
2024/04/16 13:25,01F0511S,03F0525N,31,662,11
2024/04/16 13:25,01F0511S,03F0525N,32,670,7
2024/04/16 13:25,01F0511S,03F0525N,41,0,0
2024/04/16 13:25,01F0511S,03F0525N,42,652,1
2024/04/16 13:25,01F0511S,03F0525N,5,656,2
2024/04/16 13:25,01F0532N,03F0525N,31,585,13
2024/04/16 13:25,01F0532N,03F0525N,32,595,13
2024/04/16 13:25,01F0532N,03F0525N,41,616,1
2024/04/16 13:25,01F0532N,03F0525N,42,0,0
2024/04/16 13:25,01F0532N,03F0525N,5,682,1
2024/04/16 13:25,03F0559N,03F0525N,31,125,139
2024/04/16 13:25,03F0559N,03F0525N,32,127,69
2024/04/16 13:25,03F0559N,03F0525N,41,142,2
2024/04/16 13:25,03F0559N,03F0525N,42,153,15
2024/04/16 13:25,03F0559N,03F0525N,5,137,19
2024/04/16 13:25,03F0498S,03F0525S,31,98,199
2024/04/16 13:25,03F0498S,03F0525S,32,102,98
2024/04/16 13:25,03F0498S,03F0525S,41,106,4
2024/04/16 13:25,03F0498S,03F0525S,42,112,12
2024/04/16 13:25,03F0498S,03F0525S,5,111,11
2024/04/16 13:25,03F0648N,03F0559N,31,302,111
2024/04/16 13:25,03F0648N,03F0559N,32,299,50
2024/04/16 13:25,03F0648N,03F0559N,41,370,2
2024/04/16 13:25,03F0648N,03F0559N,42,340,11
2024/04/16 13:25,03F0648N,03F0559N,5,331,15
2024/04/16 13:25,01F0511S,03F0559S,31,618,13
2024/04/16 13:25,01F0511S,03F0559S,32,660,2
2024/04/16 13:25,01F0511S,03F0559S,41,0,0
2024/04/16 13:25,01F0511S,03F0559S,42,0,0
2024/04/16 13:25,01F0511S,03F0559S,5,0,0
2024/04/16 13:25,01F0532N,03F0559S,31,2014,1
2024/04/16 13:25,01F0532N,03F0559S,32,0,0
2024/04/16 13:25,01F0532N,03F0559S,41,0,0
2024/04/16 13:25,01F0532N,03F0559S,42,0,0
2024/04/16 13:25,01F0532N,03F0559S,5,0,0
2024/04/16 13:25,03F0525S,03F0559S,31,119,115
2024/04/16 13:25,03F0525S,03F0559S,32,125,69
2024/04/16 13:25,03F0525S,03F0559S,41,130,3
2024/04/16 13:25,03F0525S,03F0559S,42,134,10
2024/04/16 13:25,03F0525S,03F0559S,5,132,12
2024/04/16 13:25,03F0698N,03F0648N,31,176,125
2024/04/16 13:25,03F0698N,03F0648N,32,185,42
2024/04/16 13:25,03F0698N,03F0648N,41,463,2
2024/04/16 13:25,03F0698N,03F0648N,42,194,9
2024/04/16 13:25,03F0698N,03F0648N,5,198,15
2024/04/16 13:25,03F0559S,03F0648S,31,303,130
2024/04/16 13:25,03F0559S,03F0648S,32,318,54
2024/04/16 13:25,03F0559S,03F0648S,41,319,2
2024/04/16 13:25,03F0559S,03F0648S,42,353,9
2024/04/16 13:25,03F0559S,03F0648S,5,351,12
2024/04/16 13:25,03F0746N,03F0698N,31,162,112
2024/04/16 13:25,03F0746N,03F0698N,32,168,45
2024/04/16 13:25,03F0746N,03F0698N,41,183,2
2024/04/16 13:25,03F0746N,03F0698N,42,184,10
2024/04/16 13:25,03F0746N,03F0698N,5,189,15
2024/04/16 13:25,03F0648S,03F0698S,31,174,102
2024/04/16 13:25,03F0648S,03F0698S,32,176,47
2024/04/16 13:25,03F0648S,03F0698S,41,173,1
2024/04/16 13:25,03F0648S,03F0698S,42,206,13
2024/04/16 13:25,03F0648S,03F0698S,5,204,10
2024/04/16 13:25,03F0746S,03F0746N,31,1761,3
2024/04/16 13:25,03F0746S,03F0746N,32,361,1
2024/04/16 13:25,03F0746S,03F0746N,41,0,0
2024/04/16 13:25,03F0746S,03F0746N,42,0,0
2024/04/16 13:25,03F0746S,03F0746N,5,0,0
2024/04/16 13:25,03F0783N,03F0746N,31,123,107
2024/04/16 13:25,03F0783N,03F0746N,32,128,53
2024/04/16 13:25,03F0783N,03F0746N,41,135,6
2024/04/16 13:25,03F0783N,03F0746N,42,136,11
2024/04/16 13:25,03F0783N,03F0746N,5,146,18
2024/04/16 13:25,03F0698S,03F0746S,31,162,100
2024/04/16 13:25,03F0698S,03F0746S,32,168,55
2024/04/16 13:25,03F0698S,03F0746S,41,160,1
2024/04/16 13:25,03F0698S,03F0746S,42,249,12
2024/04/16 13:25,03F0698S,03F0746S,5,248,10
2024/04/16 13:25,03F0846N,03F0783N,31,208,104
2024/04/16 13:25,03F0846N,03F0783N,32,217,61
2024/04/16 13:25,03F0846N,03F0783N,41,213,3
2024/04/16 13:25,03F0846N,03F0783N,42,247,16
2024/04/16 13:25,03F0846N,03F0783N,5,241,13
2024/04/16 13:25,03F0746S,03F0783S,31,122,104
2024/04/16 13:25,03F0746S,03F0783S,32,129,55
2024/04/16 13:25,03F0746S,03F0783S,41,120,1
2024/04/16 13:25,03F0746S,03F0783S,42,136,12
2024/04/16 13:25,03F0746S,03F0783S,5,137,9
2024/04/16 13:25,03F0783N,03F0783S,31,2252,2
2024/04/16 13:25,03F0783N,03F0783S,32,781,1
2024/04/16 13:25,03F0783N,03F0783S,41,0,0
2024/04/16 13:25,03F0783N,03F0783S,42,2814,1
2024/04/16 13:25,03F0783N,03F0783S,5,0,0
2024/04/16 13:25,03F0961N,03F0846N,31,380,98
2024/04/16 13:25,03F0961N,03F0846N,32,396,34
2024/04/16 13:25,03F0961N,03F0846N,41,433,2
2024/04/16 13:25,03F0961N,03F0846N,42,451,9
2024/04/16 13:25,03F0961N,03F0846N,5,445,20
2024/04/16 13:25,03F0783S,03F0846S,31,211,107
2024/04/16 13:25,03F0783S,03F0846S,32,218,52
2024/04/16 13:25,03F0783S,03F0846S,41,0,0
2024/04/16 13:25,03F0783S,03F0846S,42,246,11
2024/04/16 13:25,03F0783S,03F0846S,5,258,5
2024/04/16 13:25,03F0996N,03F0961N,31,119,83
2024/04/16 13:25,03F0996N,03F0961N,32,126,36
2024/04/16 13:25,03F0996N,03F0961N,41,135,1
2024/04/16 13:25,03F0996N,03F0961N,42,136,5
2024/04/16 13:25,03F0996N,03F0961N,5,169,14
2024/04/16 13:25,03F0846S,03F0961S,31,384,83
2024/04/16 13:25,03F0846S,03F0961S,32,396,29
2024/04/16 13:25,03F0846S,03F0961S,41,0,0
2024/04/16 13:25,03F0846S,03F0961S,42,434,12
2024/04/16 13:25,03F0846S,03F0961S,5,456,15
2024/04/16 13:25,01F0980S,03F0996N,31,295,4
2024/04/16 13:25,01F0980S,03F0996N,32,142,9
2024/04/16 13:25,01F0980S,03F0996N,41,141,1
2024/04/16 13:25,01F0980S,03F0996N,42,0,0
2024/04/16 13:25,01F0980S,03F0996N,5,0,0
2024/04/16 13:25,01F1045N,03F0996N,31,235,53
2024/04/16 13:25,01F1045N,03F0996N,32,249,19
2024/04/16 13:25,01F1045N,03F0996N,41,241,2
2024/04/16 13:25,01F1045N,03F0996N,42,254,5
2024/04/16 13:25,01F1045N,03F0996N,5,260,7
2024/04/16 13:25,03F1022N,03F0996N,31,89,47
2024/04/16 13:25,03F1022N,03F0996N,32,91,21
2024/04/16 13:25,03F1022N,03F0996N,41,0,0
2024/04/16 13:25,03F1022N,03F0996N,42,98,11
2024/04/16 13:25,03F1022N,03F0996N,5,106,13
2024/04/16 13:25,03F0961S,03F0996S,31,119,84
2024/04/16 13:25,03F0961S,03F0996S,32,124,45
2024/04/16 13:25,03F0961S,03F0996S,41,0,0
2024/04/16 13:25,03F0961S,03F0996S,42,144,16
2024/04/16 13:25,03F0961S,03F0996S,5,137,12
2024/04/16 13:25,03F1051N,03F1022N,31,101,108
2024/04/16 13:25,03F1051N,03F1022N,32,105,33
2024/04/16 13:25,03F1051N,03F1022N,41,112,2
2024/04/16 13:25,03F1051N,03F1022N,42,109,27
2024/04/16 13:25,03F1051N,03F1022N,5,120,17
2024/04/16 13:25,01F0980S,03F1022S,31,119,69
2024/04/16 13:25,01F0980S,03F1022S,32,124,23
2024/04/16 13:25,01F0980S,03F1022S,41,134,1
2024/04/16 13:25,01F0980S,03F1022S,42,131,17
2024/04/16 13:25,01F0980S,03F1022S,5,131,12
2024/04/16 13:25,01F1045N,03F1022S,31,337,3
2024/04/16 13:25,01F1045N,03F1022S,32,333,1
2024/04/16 13:25,01F1045N,03F1022S,41,0,0
2024/04/16 13:25,01F1045N,03F1022S,42,0,0
2024/04/16 13:25,01F1045N,03F1022S,5,3539,1
2024/04/16 13:25,03F0996S,03F1022S,31,89,52
2024/04/16 13:25,03F0996S,03F1022S,32,91,32
2024/04/16 13:25,03F0996S,03F1022S,41,0,0
2024/04/16 13:25,03F0996S,03F1022S,42,98,14
2024/04/16 13:25,03F0996S,03F1022S,5,101,7
2024/04/16 13:25,03F1128N,03F1051N,31,254,95
2024/04/16 13:25,03F1128N,03F1051N,32,258,20
2024/04/16 13:25,03F1128N,03F1051N,41,273,2
2024/04/16 13:25,03F1128N,03F1051N,42,277,16
2024/04/16 13:25,03F1128N,03F1051N,5,313,14
2024/04/16 13:25,03F1022S,03F1051S,31,97,84
2024/04/16 13:25,03F1022S,03F1051S,32,97,42
2024/04/16 13:25,03F1022S,03F1051S,41,102,3
2024/04/16 13:25,03F1022S,03F1051S,42,111,27
2024/04/16 13:25,03F1022S,03F1051S,5,116,20
2024/04/16 13:25,03F1161N,03F1128N,31,112,63
2024/04/16 13:25,03F1161N,03F1128N,32,114,35
2024/04/16 13:25,03F1161N,03F1128N,41,114,2
2024/04/16 13:25,03F1161N,03F1128N,42,123,12
2024/04/16 13:25,03F1161N,03F1128N,5,134,31
2024/04/16 13:25,03F1051S,03F1128S,31,254,67
2024/04/16 13:25,03F1051S,03F1128S,32,274,36
2024/04/16 13:25,03F1051S,03F1128S,41,339,1
2024/04/16 13:25,03F1051S,03F1128S,42,292,22
2024/04/16 13:25,03F1051S,03F1128S,5,310,22
2024/04/16 13:25,03F1215N,03F1161N,31,175,56
2024/04/16 13:25,03F1215N,03F1161N,32,178,33
2024/04/16 13:25,03F1215N,03F1161N,41,189,2
2024/04/16 13:25,03F1215N,03F1161N,42,197,9
2024/04/16 13:25,03F1215N,03F1161N,5,215,26
2024/04/16 13:25,03F1128S,03F1161S,31,109,73
2024/04/16 13:25,03F1128S,03F1161S,32,114,33
2024/04/16 13:25,03F1128S,03F1161S,41,133,1
2024/04/16 13:25,03F1128S,03F1161S,42,127,23
2024/04/16 13:25,03F1128S,03F1161S,5,133,27
2024/04/16 13:25,03F1257N,03F1215N,31,131,71
2024/04/16 13:25,03F1257N,03F1215N,32,132,38
2024/04/16 13:25,03F1257N,03F1215N,41,186,1
2024/04/16 13:25,03F1257N,03F1215N,42,163,8
2024/04/16 13:25,03F1257N,03F1215N,5,187,17
2024/04/16 13:25,03F1161S,03F1215S,31,174,62
2024/04/16 13:25,03F1161S,03F1215S,32,182,24
2024/04/16 13:25,03F1161S,03F1215S,41,217,1
2024/04/16 13:25,03F1161S,03F1215S,42,209,24
2024/04/16 13:25,03F1161S,03F1215S,5,213,13
2024/04/16 13:25,03F1332N,03F1257N,31,240,77
2024/04/16 13:25,03F1332N,03F1257N,32,244,32
2024/04/16 13:25,03F1332N,03F1257N,41,277,1
2024/04/16 13:25,03F1332N,03F1257N,42,281,11
2024/04/16 13:25,03F1332N,03F1257N,5,298,19
2024/04/16 13:25,03F1215S,03F1257S,31,133,60
2024/04/16 13:25,03F1215S,03F1257S,32,142,39
2024/04/16 13:25,03F1215S,03F1257S,41,0,0
2024/04/16 13:25,03F1215S,03F1257S,42,186,15
2024/04/16 13:25,03F1215S,03F1257S,5,181,17
2024/04/16 13:25,03F1395N,03F1332N,31,208,61
2024/04/16 13:25,03F1395N,03F1332N,32,210,30
2024/04/16 13:25,03F1395N,03F1332N,41,0,0
2024/04/16 13:25,03F1395N,03F1332N,42,236,12
2024/04/16 13:25,03F1395N,03F1332N,5,256,10
2024/04/16 13:25,03F1257S,03F1332S,31,247,51
2024/04/16 13:25,03F1257S,03F1332S,32,252,26
2024/04/16 13:25,03F1257S,03F1332S,41,0,0
2024/04/16 13:25,03F1257S,03F1332S,42,302,20
2024/04/16 13:25,03F1257S,03F1332S,5,296,8
2024/04/16 13:25,03F1485N,03F1395N,31,288,59
2024/04/16 13:25,03F1485N,03F1395N,32,290,22
2024/04/16 13:25,03F1485N,03F1395N,41,0,0
2024/04/16 13:25,03F1485N,03F1395N,42,353,17
2024/04/16 13:25,03F1485N,03F1395N,5,384,18
2024/04/16 13:25,03F1332S,03F1395S,31,210,56
2024/04/16 13:25,03F1332S,03F1395S,32,229,32
2024/04/16 13:25,03F1332S,03F1395S,41,0,0
2024/04/16 13:25,03F1332S,03F1395S,42,255,13
2024/04/16 13:25,03F1332S,03F1395S,5,258,20
2024/04/16 13:25,03F1633N,03F1485N,31,475,72
2024/04/16 13:25,03F1633N,03F1485N,32,478,27
2024/04/16 13:25,03F1633N,03F1485N,41,0,0
2024/04/16 13:25,03F1633N,03F1485N,42,672,15
2024/04/16 13:25,03F1633N,03F1485N,5,697,17
2024/04/16 13:25,03F1395S,03F1485S,31,296,48
2024/04/16 13:25,03F1395S,03F1485S,32,301,21
2024/04/16 13:25,03F1395S,03F1485S,41,0,0
2024/04/16 13:25,03F1395S,03F1485S,42,344,15
2024/04/16 13:25,03F1395S,03F1485S,5,364,15
2024/04/16 13:25,03F1651N,03F1633N,31,58,70
2024/04/16 13:25,03F1651N,03F1633N,32,57,26
2024/04/16 13:25,03F1651N,03F1633N,41,62,3
2024/04/16 13:25,03F1651N,03F1633N,42,67,12
2024/04/16 13:25,03F1651N,03F1633N,5,68,14
2024/04/16 13:25,03F1485S,03F1633S,31,2041,69
2024/04/16 13:25,03F1485S,03F1633S,32,2150,26
2024/04/16 13:25,03F1485S,03F1633S,41,0,0
2024/04/16 13:25,03F1485S,03F1633S,42,2782,7
2024/04/16 13:25,03F1485S,03F1633S,5,2828,12
2024/04/16 13:25,01F1621S,03F1651N,31,581,2
2024/04/16 13:25,01F1621S,03F1651N,32,0,0
2024/04/16 13:25,01F1621S,03F1651N,41,0,0
2024/04/16 13:25,01F1621S,03F1651N,42,0,0
2024/04/16 13:25,01F1621S,03F1651N,5,0,0
2024/04/16 13:25,01F1664N,03F1651N,31,537,21
2024/04/16 13:25,01F1664N,03F1651N,32,537,7
2024/04/16 13:25,01F1664N,03F1651N,41,0,0
2024/04/16 13:25,01F1664N,03F1651N,42,581,3
2024/04/16 13:25,01F1664N,03F1651N,5,644,2
2024/04/16 13:25,03F1710N,03F1651N,31,193,64
2024/04/16 13:25,03F1710N,03F1651N,32,200,23
2024/04/16 13:25,03F1710N,03F1651N,41,202,2
2024/04/16 13:25,03F1710N,03F1651N,42,221,9
2024/04/16 13:25,03F1710N,03F1651N,5,225,14
2024/04/16 13:25,03F1633S,03F1651S,31,60,74
2024/04/16 13:25,03F1633S,03F1651S,32,61,27
2024/04/16 13:25,03F1633S,03F1651S,41,0,0
2024/04/16 13:25,03F1633S,03F1651S,42,71,9
2024/04/16 13:25,03F1633S,03F1651S,5,73,13
2024/04/16 13:25,03F1710S,03F1710N,31,1670,4
2024/04/16 13:25,03F1710S,03F1710N,32,0,0
2024/04/16 13:25,03F1710S,03F1710N,41,0,0
2024/04/16 13:25,03F1710S,03F1710N,42,0,0
2024/04/16 13:25,03F1710S,03F1710N,5,2346,1
2024/04/16 13:25,03F1739N,03F1710N,31,95,81
2024/04/16 13:25,03F1739N,03F1710N,32,100,32
2024/04/16 13:25,03F1739N,03F1710N,41,1153,2
2024/04/16 13:25,03F1739N,03F1710N,42,105,16
2024/04/16 13:25,03F1739N,03F1710N,5,113,15
2024/04/16 13:25,01F1621S,03F1710S,31,608,6
2024/04/16 13:25,01F1621S,03F1710S,32,699,8
2024/04/16 13:25,01F1621S,03F1710S,41,0,0
2024/04/16 13:25,01F1621S,03F1710S,42,830,1
2024/04/16 13:25,01F1621S,03F1710S,5,636,2
2024/04/16 13:25,01F1664N,03F1710S,31,557,1
2024/04/16 13:25,01F1664N,03F1710S,32,536,1
2024/04/16 13:25,01F1664N,03F1710S,41,0,0
2024/04/16 13:25,01F1664N,03F1710S,42,0,0
2024/04/16 13:25,01F1664N,03F1710S,5,0,0
2024/04/16 13:25,03F1651S,03F1710S,31,196,57
2024/04/16 13:25,03F1651S,03F1710S,32,212,35
2024/04/16 13:25,03F1651S,03F1710S,41,0,0
2024/04/16 13:25,03F1651S,03F1710S,42,222,13
2024/04/16 13:25,03F1651S,03F1710S,5,234,14
2024/04/16 13:25,03F1779N,03F1739N,31,130,80
2024/04/16 13:25,03F1779N,03F1739N,32,136,28
2024/04/16 13:25,03F1779N,03F1739N,41,140,1
2024/04/16 13:25,03F1779N,03F1739N,42,144,16
2024/04/16 13:25,03F1779N,03F1739N,5,156,15
2024/04/16 13:25,03F1710S,03F1739S,31,97,90
2024/04/16 13:25,03F1710S,03F1739S,32,106,43
2024/04/16 13:25,03F1710S,03F1739S,41,101,1
2024/04/16 13:25,03F1710S,03F1739S,42,107,24
2024/04/16 13:25,03F1710S,03F1739S,5,116,22
2024/04/16 13:25,03F1739N,03F1739S,31,1899,3
2024/04/16 13:25,03F1739N,03F1739S,32,2227,1
2024/04/16 13:25,03F1739N,03F1739S,41,0,0
2024/04/16 13:25,03F1739N,03F1739S,42,0,0
2024/04/16 13:25,03F1739N,03F1739S,5,3229,1
2024/04/16 13:25,03F1860N,03F1779N,31,268,64
2024/04/16 13:25,03F1860N,03F1779N,32,278,31
2024/04/16 13:25,03F1860N,03F1779N,41,295,2
2024/04/16 13:25,03F1860N,03F1779N,42,321,20
2024/04/16 13:25,03F1860N,03F1779N,5,372,17
2024/04/16 13:25,03F1739S,03F1779S,31,136,77
2024/04/16 13:25,03F1739S,03F1779S,32,143,40
2024/04/16 13:25,03F1739S,03F1779S,41,145,1
2024/04/16 13:25,03F1739S,03F1779S,42,160,29
2024/04/16 13:25,03F1739S,03F1779S,5,168,22
2024/04/16 13:25,03F1941N,03F1860N,31,263,84
2024/04/16 13:25,03F1941N,03F1860N,32,277,37
2024/04/16 13:25,03F1941N,03F1860N,41,0,0
2024/04/16 13:25,03F1941N,03F1860N,42,323,10
2024/04/16 13:25,03F1941N,03F1860N,5,308,18
2024/04/16 13:25,03F1779S,03F1860S,31,274,72
2024/04/16 13:25,03F1779S,03F1860S,32,290,35
2024/04/16 13:25,03F1779S,03F1860S,41,0,0
2024/04/16 13:25,03F1779S,03F1860S,42,314,17
2024/04/16 13:25,03F1779S,03F1860S,5,333,14
2024/04/16 13:25,01F1906S,03F1941N,31,264,1
2024/04/16 13:25,01F1906S,03F1941N,32,220,3
2024/04/16 13:25,01F1906S,03F1941N,41,0,0
2024/04/16 13:25,01F1906S,03F1941N,42,242,5
2024/04/16 13:25,01F1906S,03F1941N,5,1436,2
2024/04/16 13:25,01F1960N,03F1941N,31,277,30
2024/04/16 13:25,01F1960N,03F1941N,32,294,21
2024/04/16 13:25,01F1960N,03F1941N,41,0,0
2024/04/16 13:25,01F1960N,03F1941N,42,316,8
2024/04/16 13:25,01F1960N,03F1941N,5,314,14
2024/04/16 13:25,03F1992N,03F1941N,31,166,84
2024/04/16 13:25,03F1992N,03F1941N,32,179,35
2024/04/16 13:25,03F1992N,03F1941N,41,0,0
2024/04/16 13:25,03F1992N,03F1941N,42,207,18
2024/04/16 13:25,03F1992N,03F1941N,5,194,16
2024/04/16 13:25,03F1860S,03F1944S,31,279,86
2024/04/16 13:25,03F1860S,03F1944S,32,293,41
2024/04/16 13:25,03F1860S,03F1944S,41,308,2
2024/04/16 13:25,03F1860S,03F1944S,42,325,20
2024/04/16 13:25,03F1860S,03F1944S,5,333,22
2024/04/16 13:25,01F1906S,03F1991S,31,196,11
2024/04/16 13:25,01F1906S,03F1991S,32,208,6
2024/04/16 13:25,01F1906S,03F1991S,41,0,0
2024/04/16 13:25,01F1906S,03F1991S,42,210,2
2024/04/16 13:25,01F1906S,03F1991S,5,0,0
2024/04/16 13:25,01F1960N,03F1991S,31,270,29
2024/04/16 13:25,01F1960N,03F1991S,32,283,19
2024/04/16 13:25,01F1960N,03F1991S,41,0,0
2024/04/16 13:25,01F1960N,03F1991S,42,288,3
2024/04/16 13:25,01F1960N,03F1991S,5,274,1
2024/04/16 13:25,03F1944S,03F1991S,31,157,56
2024/04/16 13:25,03F1944S,03F1991S,32,166,25
2024/04/16 13:25,03F1944S,03F1991S,41,0,0
2024/04/16 13:25,03F1944S,03F1991S,42,179,15
2024/04/16 13:25,03F1944S,03F1991S,5,204,9
2024/04/16 13:25,03F2066N,03F1992N,31,249,89
2024/04/16 13:25,03F2066N,03F1992N,32,257,41
2024/04/16 13:25,03F2066N,03F1992N,41,0,0
2024/04/16 13:25,03F2066N,03F1992N,42,271,15
2024/04/16 13:25,03F2066N,03F1992N,5,322,13
2024/04/16 13:25,03F2078N,03F2066N,31,42,140
2024/04/16 13:25,03F2078N,03F2066N,32,48,65
2024/04/16 13:25,03F2078N,03F2066N,41,0,0
2024/04/16 13:25,03F2078N,03F2066N,42,51,13
2024/04/16 13:25,03F2078N,03F2066N,5,50,16
2024/04/16 13:25,03F1991S,03F2066S,31,249,52
2024/04/16 13:25,03F1991S,03F2066S,32,255,34
2024/04/16 13:25,03F1991S,03F2066S,41,0,0
2024/04/16 13:25,03F1991S,03F2066S,42,274,12
2024/04/16 13:25,03F1991S,03F2066S,5,286,8
2024/04/16 13:25,03F2100N,03F2078N,31,78,132
2024/04/16 13:25,03F2100N,03F2078N,32,85,68
2024/04/16 13:25,03F2100N,03F2078N,41,96,1
2024/04/16 13:25,03F2100N,03F2078N,42,93,13
2024/04/16 13:25,03F2100N,03F2078N,5,90,13
2024/04/16 13:25,03F2066S,03F2079S,31,45,133
2024/04/16 13:25,03F2066S,03F2079S,32,48,57
2024/04/16 13:25,03F2066S,03F2079S,41,0,0
2024/04/16 13:25,03F2066S,03F2079S,42,53,12
2024/04/16 13:25,03F2066S,03F2079S,5,52,12
2024/04/16 13:25,03F2125N,03F2100N,31,84,130
2024/04/16 13:25,03F2125N,03F2100N,32,89,52
2024/04/16 13:25,03F2125N,03F2100N,41,98,1
2024/04/16 13:25,03F2125N,03F2100N,42,96,8
2024/04/16 13:25,03F2125N,03F2100N,5,95,10
2024/04/16 13:25,03F2079S,03F2100S,31,71,127
2024/04/16 13:25,03F2079S,03F2100S,32,76,57
2024/04/16 13:25,03F2079S,03F2100S,41,0,0
2024/04/16 13:25,03F2079S,03F2100S,42,85,10
2024/04/16 13:25,03F2079S,03F2100S,5,82,12
2024/04/16 13:25,03F2153N,03F2125N,31,97,161
2024/04/16 13:25,03F2153N,03F2125N,32,100,85
2024/04/16 13:25,03F2153N,03F2125N,41,115,1
2024/04/16 13:25,03F2153N,03F2125N,42,111,15
2024/04/16 13:25,03F2153N,03F2125N,5,111,4
2024/04/16 13:25,03F2100S,03F2129S,31,100,92
2024/04/16 13:25,03F2100S,03F2129S,32,104,38
2024/04/16 13:25,03F2100S,03F2129S,41,106,2
2024/04/16 13:25,03F2100S,03F2129S,42,118,13
2024/04/16 13:25,03F2100S,03F2129S,5,116,12
2024/04/16 13:25,03F2129S,03F2152S,31,80,160
2024/04/16 13:25,03F2129S,03F2152S,32,84,70
2024/04/16 13:25,03F2129S,03F2152S,41,85,1
2024/04/16 13:25,03F2129S,03F2152S,42,94,13
2024/04/16 13:25,03F2129S,03F2152S,5,96,13
2024/04/16 13:25,03F2194N,03F2153N,31,140,165
2024/04/16 13:25,03F2194N,03F2153N,32,144,72
2024/04/16 13:25,03F2194N,03F2153N,41,163,2
2024/04/16 13:25,03F2194N,03F2153N,42,168,14
2024/04/16 13:25,03F2194N,03F2153N,5,160,10
2024/04/16 13:25,03F2231N,03F2194N,31,123,149
2024/04/16 13:25,03F2231N,03F2194N,32,127,71
2024/04/16 13:25,03F2231N,03F2194N,41,131,1
2024/04/16 13:25,03F2231N,03F2194N,42,145,12
2024/04/16 13:25,03F2231N,03F2194N,5,139,15
2024/04/16 13:25,03F2152S,03F2194S,31,142,158
2024/04/16 13:25,03F2152S,03F2194S,32,148,65
2024/04/16 13:25,03F2152S,03F2194S,41,156,1
2024/04/16 13:25,03F2152S,03F2194S,42,155,13
2024/04/16 13:25,03F2152S,03F2194S,5,169,12
2024/04/16 13:25,03F2260N,03F2231N,31,101,114
2024/04/16 13:25,03F2260N,03F2231N,32,105,52
2024/04/16 13:25,03F2260N,03F2231N,41,113,1
2024/04/16 13:25,03F2260N,03F2231N,42,121,8
2024/04/16 13:25,03F2260N,03F2231N,5,113,10
2024/04/16 13:25,03F2194S,03F2235S,31,134,124
2024/04/16 13:25,03F2194S,03F2235S,32,141,34
2024/04/16 13:25,03F2194S,03F2235S,41,157,3
2024/04/16 13:25,03F2194S,03F2235S,42,163,9
2024/04/16 13:25,03F2194S,03F2235S,5,161,13
2024/04/16 13:25,03F2306N,03F2260N,31,150,81
2024/04/16 13:25,03F2306N,03F2260N,32,160,33
2024/04/16 13:25,03F2306N,03F2260N,41,162,7
2024/04/16 13:25,03F2306N,03F2260N,42,187,7
2024/04/16 13:25,03F2306N,03F2260N,5,171,5
2024/04/16 13:25,03F2235S,03F2261S,31,87,110
2024/04/16 13:25,03F2235S,03F2261S,32,92,37
2024/04/16 13:25,03F2235S,03F2261S,41,107,2
2024/04/16 13:25,03F2235S,03F2261S,42,96,13
2024/04/16 13:25,03F2235S,03F2261S,5,104,9
2024/04/16 13:25,03F2306S,03F2306N,31,2701,2
2024/04/16 13:25,03F2306S,03F2306N,32,1661,2
2024/04/16 13:25,03F2306S,03F2306N,41,0,0
2024/04/16 13:25,03F2306S,03F2306N,42,0,0
2024/04/16 13:25,03F2306S,03F2306N,5,0,0
2024/04/16 13:25,03F2336N,03F2306N,31,102,132
2024/04/16 13:25,03F2336N,03F2306N,32,110,40
2024/04/16 13:25,03F2336N,03F2306N,41,110,6
2024/04/16 13:25,03F2336N,03F2306N,42,119,4
2024/04/16 13:25,03F2336N,03F2306N,5,116,5
2024/04/16 13:25,03F2261S,03F2306S,31,148,106
2024/04/16 13:25,03F2261S,03F2306S,32,158,38
2024/04/16 13:25,03F2261S,03F2306S,41,190,1
2024/04/16 13:25,03F2261S,03F2306S,42,156,9
2024/04/16 13:25,03F2261S,03F2306S,5,172,7
2024/04/16 13:25,03F2415N,03F2336N,31,263,96
2024/04/16 13:25,03F2415N,03F2336N,32,277,23
2024/04/16 13:25,03F2415N,03F2336N,41,280,6
2024/04/16 13:25,03F2415N,03F2336N,42,303,5
2024/04/16 13:25,03F2415N,03F2336N,5,338,3
2024/04/16 13:25,03F2306S,03F2336S,31,102,114
2024/04/16 13:25,03F2306S,03F2336S,32,110,42
2024/04/16 13:25,03F2306S,03F2336S,41,0,0
2024/04/16 13:25,03F2306S,03F2336S,42,116,4
2024/04/16 13:25,03F2306S,03F2336S,5,119,6
2024/04/16 13:25,03F2336N,03F2336S,31,1818,2
2024/04/16 13:25,03F2336N,03F2336S,32,1797,1
2024/04/16 13:25,03F2336N,03F2336S,41,0,0
2024/04/16 13:25,03F2336N,03F2336S,42,0,0
2024/04/16 13:25,03F2336N,03F2336S,5,0,0
2024/04/16 13:25,03F2447N,03F2415N,31,107,63
2024/04/16 13:25,03F2447N,03F2415N,32,105,22
2024/04/16 13:25,03F2447N,03F2415N,41,0,0
2024/04/16 13:25,03F2447N,03F2415N,42,125,6
2024/04/16 13:25,03F2447N,03F2415N,5,130,2
2024/04/16 13:25,03F2336S,03F2415S,31,257,86
2024/04/16 13:25,03F2336S,03F2415S,32,274,28
2024/04/16 13:25,03F2336S,03F2415S,41,0,0
2024/04/16 13:25,03F2336S,03F2415S,42,307,3
2024/04/16 13:25,03F2336S,03F2415S,5,352,6
2024/04/16 13:25,03F2535N,03F2447N,31,284,61
2024/04/16 13:25,03F2535N,03F2447N,32,299,25
2024/04/16 13:25,03F2535N,03F2447N,41,341,3
2024/04/16 13:25,03F2535N,03F2447N,42,364,5
2024/04/16 13:25,03F2535N,03F2447N,5,346,8
2024/04/16 13:25,03F2415S,03F2447S,31,105,50
2024/04/16 13:25,03F2415S,03F2447S,32,109,24
2024/04/16 13:25,03F2415S,03F2447S,41,112,2
2024/04/16 13:25,03F2415S,03F2447S,42,123,4
2024/04/16 13:25,03F2415S,03F2447S,5,127,7
2024/04/16 13:25,03F2614N,03F2535N,31,253,42
2024/04/16 13:25,03F2614N,03F2535N,32,261,21
2024/04/16 13:25,03F2614N,03F2535N,41,0,0
2024/04/16 13:25,03F2614N,03F2535N,42,295,5
2024/04/16 13:25,03F2614N,03F2535N,5,309,8
2024/04/16 13:25,03F2447S,03F2535S,31,283,49
2024/04/16 13:25,03F2447S,03F2535S,32,289,33
2024/04/16 13:25,03F2447S,03F2535S,41,0,0
2024/04/16 13:25,03F2447S,03F2535S,42,339,8
2024/04/16 13:25,03F2447S,03F2535S,5,334,6
2024/04/16 13:25,03F2709N,03F2614N,31,311,36
2024/04/16 13:25,03F2709N,03F2614N,32,313,18
2024/04/16 13:25,03F2709N,03F2614N,41,327,1
2024/04/16 13:25,03F2709N,03F2614N,42,337,15
2024/04/16 13:25,03F2709N,03F2614N,5,378,7
2024/04/16 13:25,03F2535S,03F2614S,31,258,46
2024/04/16 13:25,03F2535S,03F2614S,32,264,22
2024/04/16 13:25,03F2535S,03F2614S,41,273,1
2024/04/16 13:25,03F2535S,03F2614S,42,300,7
2024/04/16 13:25,03F2535S,03F2614S,5,320,3
2024/04/16 13:25,03F2747N,03F2709N,31,127,60
2024/04/16 13:25,03F2747N,03F2709N,32,134,20
2024/04/16 13:25,03F2747N,03F2709N,41,0,0
2024/04/16 13:25,03F2747N,03F2709N,42,196,6
2024/04/16 13:25,03F2747N,03F2709N,5,158,5
2024/04/16 13:25,03F2614S,03F2709S,31,308,48
2024/04/16 13:25,03F2614S,03F2709S,32,318,31
2024/04/16 13:25,03F2614S,03F2709S,41,333,1
2024/04/16 13:25,03F2614S,03F2709S,42,338,5
2024/04/16 13:25,03F2614S,03F2709S,5,360,8
2024/04/16 13:25,03F2747S,03F2747N,31,0,0
2024/04/16 13:25,03F2747S,03F2747N,32,0,0
2024/04/16 13:25,03F2747S,03F2747N,41,0,0
2024/04/16 13:25,03F2747S,03F2747N,42,0,0
2024/04/16 13:25,03F2747S,03F2747N,5,3386,1
2024/04/16 13:25,03F2777N,03F2747N,31,104,48
2024/04/16 13:25,03F2777N,03F2747N,32,107,21
2024/04/16 13:25,03F2777N,03F2747N,41,0,0
2024/04/16 13:25,03F2777N,03F2747N,42,111,4
2024/04/16 13:25,03F2777N,03F2747N,5,122,4
2024/04/16 13:25,03F2709S,03F2747S,31,127,53
2024/04/16 13:25,03F2709S,03F2747S,32,130,34
2024/04/16 13:25,03F2709S,03F2747S,41,136,2
2024/04/16 13:25,03F2709S,03F2747S,42,157,4
2024/04/16 13:25,03F2709S,03F2747S,5,149,10
2024/04/16 13:25,03F2840N,03F2777N,31,209,46
2024/04/16 13:25,03F2840N,03F2777N,32,219,23
2024/04/16 13:25,03F2840N,03F2777N,41,0,0
2024/04/16 13:25,03F2840N,03F2777N,42,253,5
2024/04/16 13:25,03F2840N,03F2777N,5,248,8
2024/04/16 13:25,03F2747S,03F2777S,31,96,53
2024/04/16 13:25,03F2747S,03F2777S,32,99,32
2024/04/16 13:25,03F2747S,03F2777S,41,101,1
2024/04/16 13:25,03F2747S,03F2777S,42,118,6
2024/04/16 13:25,03F2747S,03F2777S,5,112,7
2024/04/16 13:25,03F2777N,03F2777S,31,0,0
2024/04/16 13:25,03F2777N,03F2777S,32,0,0
2024/04/16 13:25,03F2777N,03F2777S,41,0,0
2024/04/16 13:25,03F2777N,03F2777S,42,0,0
2024/04/16 13:25,03F2777N,03F2777S,5,0,0
2024/04/16 13:25,03F2899N,03F2840N,31,186,41
2024/04/16 13:25,03F2899N,03F2840N,32,203,15
2024/04/16 13:25,03F2899N,03F2840N,41,0,0
2024/04/16 13:25,03F2899N,03F2840N,42,210,7
2024/04/16 13:25,03F2899N,03F2840N,5,231,4
2024/04/16 13:25,03F2777S,03F2840S,31,204,61
2024/04/16 13:25,03F2777S,03F2840S,32,218,16
2024/04/16 13:25,03F2777S,03F2840S,41,213,1
2024/04/16 13:25,03F2777S,03F2840S,42,241,7
2024/04/16 13:25,03F2777S,03F2840S,5,250,4
2024/04/16 13:25,03F2923N,03F2899N,31,76,44
2024/04/16 13:25,03F2923N,03F2899N,32,78,16
2024/04/16 13:25,03F2923N,03F2899N,41,85,1
2024/04/16 13:25,03F2923N,03F2899N,42,81,5
2024/04/16 13:25,03F2923N,03F2899N,5,89,1
2024/04/16 13:25,03F2840S,03F2899S,31,188,44
2024/04/16 13:25,03F2840S,03F2899S,32,206,14
2024/04/16 13:25,03F2840S,03F2899S,41,0,0
2024/04/16 13:25,03F2840S,03F2899S,42,219,6
2024/04/16 13:25,03F2840S,03F2899S,5,224,5
2024/04/16 13:25,03F2985N,03F2923N,31,205,36
2024/04/16 13:25,03F2985N,03F2923N,32,223,16
2024/04/16 13:25,03F2985N,03F2923N,41,229,1
2024/04/16 13:25,03F2985N,03F2923N,42,243,7
2024/04/16 13:25,03F2985N,03F2923N,5,232,1
2024/04/16 13:25,03F2899S,03F2923S,31,77,35
2024/04/16 13:25,03F2899S,03F2923S,32,83,11
2024/04/16 13:25,03F2899S,03F2923S,41,0,0
2024/04/16 13:25,03F2899S,03F2923S,42,90,2
2024/04/16 13:25,03F2899S,03F2923S,5,95,6
2024/04/16 13:25,03F3101N,03F2985N,31,381,29
2024/04/16 13:25,03F3101N,03F2985N,32,387,14
2024/04/16 13:25,03F3101N,03F2985N,41,423,2
2024/04/16 13:25,03F3101N,03F2985N,42,453,4
2024/04/16 13:25,03F3101N,03F2985N,5,449,6
2024/04/16 13:25,03F2923S,03F2985S,31,201,42
2024/04/16 13:25,03F2923S,03F2985S,32,229,15
2024/04/16 13:25,03F2923S,03F2985S,41,235,1
2024/04/16 13:25,03F2923S,03F2985S,42,266,5
2024/04/16 13:25,03F2923S,03F2985S,5,224,2
2024/04/16 13:25,03F3187N,03F3101N,31,288,41
2024/04/16 13:25,03F3187N,03F3101N,32,292,17
2024/04/16 13:25,03F3187N,03F3101N,41,306,1
2024/04/16 13:25,03F3187N,03F3101N,42,312,8
2024/04/16 13:25,03F3187N,03F3101N,5,353,2
2024/04/16 13:25,03F2985S,03F3101S,31,383,29
2024/04/16 13:25,03F2985S,03F3101S,32,384,16
2024/04/16 13:25,03F2985S,03F3101S,41,399,2
2024/04/16 13:25,03F2985S,03F3101S,42,443,6
2024/04/16 13:25,03F2985S,03F3101S,5,440,4
2024/04/16 13:25,03F3187S,03F3187N,31,0,0
2024/04/16 13:25,03F3187S,03F3187N,32,0,0
2024/04/16 13:25,03F3187S,03F3187N,41,0,0
2024/04/16 13:25,03F3187S,03F3187N,42,0,0
2024/04/16 13:25,03F3187S,03F3187N,5,2045,1
2024/04/16 13:25,03F3211N,03F3187N,31,79,52
2024/04/16 13:25,03F3211N,03F3187N,32,82,25
2024/04/16 13:25,03F3211N,03F3187N,41,0,0
2024/04/16 13:25,03F3211N,03F3187N,42,97,6
2024/04/16 13:25,03F3211N,03F3187N,5,98,13
2024/04/16 13:25,03F3101S,03F3187S,31,281,37
2024/04/16 13:25,03F3101S,03F3187S,32,278,20
2024/04/16 13:25,03F3101S,03F3187S,41,0,0
2024/04/16 13:25,03F3101S,03F3187S,42,334,10
2024/04/16 13:25,03F3101S,03F3187S,5,338,12
2024/04/16 13:25,03F3259N,03F3211N,31,148,45
2024/04/16 13:25,03F3259N,03F3211N,32,160,26
2024/04/16 13:25,03F3259N,03F3211N,41,0,0
2024/04/16 13:25,03F3259N,03F3211N,42,177,9
2024/04/16 13:25,03F3259N,03F3211N,5,195,9
2024/04/16 13:25,03F3187S,03F3211S,31,78,42
2024/04/16 13:25,03F3187S,03F3211S,32,81,21
2024/04/16 13:25,03F3187S,03F3211S,41,83,2
2024/04/16 13:25,03F3187S,03F3211S,42,91,6
2024/04/16 13:25,03F3187S,03F3211S,5,88,2
2024/04/16 13:25,03F3211N,03F3211S,31,0,0
2024/04/16 13:25,03F3211N,03F3211S,32,0,0
2024/04/16 13:25,03F3211N,03F3211S,41,0,0
2024/04/16 13:25,03F3211N,03F3211S,42,0,0
2024/04/16 13:25,03F3211N,03F3211S,5,0,0
2024/04/16 13:25,03F3307N,03F3259N,31,157,51
2024/04/16 13:25,03F3307N,03F3259N,32,161,23
2024/04/16 13:25,03F3307N,03F3259N,41,243,2
2024/04/16 13:25,03F3307N,03F3259N,42,181,7
2024/04/16 13:25,03F3307N,03F3259N,5,182,6
2024/04/16 13:25,03F3211S,03F3259S,31,177,52
2024/04/16 13:25,03F3211S,03F3259S,32,175,15
2024/04/16 13:25,03F3211S,03F3259S,41,172,1
2024/04/16 13:25,03F3211S,03F3259S,42,196,6
2024/04/16 13:25,03F3211S,03F3259S,5,196,2
2024/04/16 13:25,03F3392N,03F3307N,31,280,41
2024/04/16 13:25,03F3392N,03F3307N,32,290,18
2024/04/16 13:25,03F3392N,03F3307N,41,301,2
2024/04/16 13:25,03F3392N,03F3307N,42,334,5
2024/04/16 13:25,03F3392N,03F3307N,5,347,5
2024/04/16 13:25,03F3259S,03F3307S,31,157,54
2024/04/16 13:25,03F3259S,03F3307S,32,167,26
2024/04/16 13:25,03F3259S,03F3307S,41,0,0
2024/04/16 13:25,03F3259S,03F3307S,42,189,7
2024/04/16 13:25,03F3259S,03F3307S,5,197,4
2024/04/16 13:25,03F3445N,03F3392N,31,172,52
2024/04/16 13:25,03F3445N,03F3392N,32,177,34
2024/04/16 13:25,03F3445N,03F3392N,41,194,2
2024/04/16 13:25,03F3445N,03F3392N,42,243,15
2024/04/16 13:25,03F3445N,03F3392N,5,279,9
2024/04/16 13:25,03F3307S,03F3392S,31,275,54
2024/04/16 13:25,03F3307S,03F3392S,32,282,20
2024/04/16 13:25,03F3307S,03F3392S,41,309,3
2024/04/16 13:25,03F3307S,03F3392S,42,352,4
2024/04/16 13:25,03F3307S,03F3392S,5,332,8
2024/04/16 13:25,01F3126S,03F3445N,31,0,0
2024/04/16 13:25,01F3126S,03F3445N,32,1989,1
2024/04/16 13:25,01F3126S,03F3445N,41,0,0
2024/04/16 13:25,01F3126S,03F3445N,42,0,0
2024/04/16 13:25,01F3126S,03F3445N,5,0,0
2024/04/16 13:25,01F3185N,03F3445N,31,577,10
2024/04/16 13:25,01F3185N,03F3445N,32,640,3
2024/04/16 13:25,01F3185N,03F3445N,41,701,1
2024/04/16 13:25,01F3185N,03F3445N,42,658,2
2024/04/16 13:25,01F3185N,03F3445N,5,769,1
2024/04/16 13:25,03F3496N,03F3445N,31,173,38
2024/04/16 13:25,03F3496N,03F3445N,32,173,19
2024/04/16 13:25,03F3496N,03F3445N,41,0,0
2024/04/16 13:25,03F3496N,03F3445N,42,186,7
2024/04/16 13:25,03F3496N,03F3445N,5,205,8
2024/04/16 13:25,03F3392S,03F3445S,31,174,66
2024/04/16 13:25,03F3392S,03F3445S,32,176,21
2024/04/16 13:25,03F3392S,03F3445S,41,202,1
2024/04/16 13:25,03F3392S,03F3445S,42,202,10
2024/04/16 13:25,03F3392S,03F3445S,5,209,17
2024/04/16 13:25,03F3588N,03F3496N,31,300,33
2024/04/16 13:25,03F3588N,03F3496N,32,305,20
2024/04/16 13:25,03F3588N,03F3496N,41,0,0
2024/04/16 13:25,03F3588N,03F3496N,42,349,9
2024/04/16 13:25,03F3588N,03F3496N,5,357,8
2024/04/16 13:25,01F3126S,03F3496S,31,589,3
2024/04/16 13:25,01F3126S,03F3496S,32,570,2
2024/04/16 13:25,01F3126S,03F3496S,41,0,0
2024/04/16 13:25,01F3126S,03F3496S,42,634,1
2024/04/16 13:25,01F3126S,03F3496S,5,623,4
2024/04/16 13:25,01F3185N,03F3496S,31,1447,3
2024/04/16 13:25,01F3185N,03F3496S,32,0,0
2024/04/16 13:25,01F3185N,03F3496S,41,0,0
2024/04/16 13:25,01F3185N,03F3496S,42,0,0
2024/04/16 13:25,01F3185N,03F3496S,5,0,0
2024/04/16 13:25,03F3445S,03F3496S,31,165,55
2024/04/16 13:25,03F3445S,03F3496S,32,173,19
2024/04/16 13:25,03F3445S,03F3496S,41,186,1
2024/04/16 13:25,03F3445S,03F3496S,42,198,15
2024/04/16 13:25,03F3445S,03F3496S,5,201,13
2024/04/16 13:25,03F3670N,03F3588N,31,279,56
2024/04/16 13:25,03F3670N,03F3588N,32,283,27
2024/04/16 13:25,03F3670N,03F3588N,41,287,4
2024/04/16 13:25,03F3670N,03F3588N,42,312,16
2024/04/16 13:25,03F3670N,03F3588N,5,331,26
2024/04/16 13:25,03F3496S,03F3588S,31,312,29
2024/04/16 13:25,03F3496S,03F3588S,32,307,24
2024/04/16 13:25,03F3496S,03F3588S,41,0,0
2024/04/16 13:25,03F3496S,03F3588S,42,350,8
2024/04/16 13:25,03F3496S,03F3588S,5,376,9
2024/04/16 13:25,03F3743N,03F3670N,31,243,50
2024/04/16 13:25,03F3743N,03F3670N,32,247,29
2024/04/16 13:25,03F3743N,03F3670N,41,0,0
2024/04/16 13:25,03F3743N,03F3670N,42,278,8
2024/04/16 13:25,03F3743N,03F3670N,5,292,27
2024/04/16 13:25,03F3588S,03F3670S,31,275,50
2024/04/16 13:25,03F3588S,03F3670S,32,301,22
2024/04/16 13:25,03F3588S,03F3670S,41,276,2
2024/04/16 13:25,03F3588S,03F3670S,42,317,9
2024/04/16 13:25,03F3588S,03F3670S,5,319,33
2024/04/16 13:25,01F3590S,03F3743N,31,0,0
2024/04/16 13:25,01F3590S,03F3743N,32,0,0
2024/04/16 13:25,01F3590S,03F3743N,41,0,0
2024/04/16 13:25,01F3590S,03F3743N,42,0,0
2024/04/16 13:25,01F3590S,03F3743N,5,0,0
2024/04/16 13:25,01F3640N,03F3743N,31,1085,7
2024/04/16 13:25,01F3640N,03F3743N,32,0,0
2024/04/16 13:25,01F3640N,03F3743N,41,0,0
2024/04/16 13:25,01F3640N,03F3743N,42,0,0
2024/04/16 13:25,01F3640N,03F3743N,5,1193,2
2024/04/16 13:25,03F3854N,03F3743N,31,368,52
2024/04/16 13:25,03F3854N,03F3743N,32,377,16
2024/04/16 13:25,03F3854N,03F3743N,41,422,1
2024/04/16 13:25,03F3854N,03F3743N,42,431,5
2024/04/16 13:25,03F3854N,03F3743N,5,436,4
2024/04/16 13:25,03F3670S,03F3743S,31,237,50
2024/04/16 13:25,03F3670S,03F3743S,32,254,30
2024/04/16 13:25,03F3670S,03F3743S,41,285,1
2024/04/16 13:25,03F3670S,03F3743S,42,348,7
2024/04/16 13:25,03F3670S,03F3743S,5,299,22
2024/04/16 13:25,03F3916N,03F3854N,31,204,52
2024/04/16 13:25,03F3916N,03F3854N,32,218,31
2024/04/16 13:25,03F3916N,03F3854N,41,227,1
2024/04/16 13:25,03F3916N,03F3854N,42,258,9
2024/04/16 13:25,03F3916N,03F3854N,5,253,9
2024/04/16 13:25,01F3590S,03F3854S,31,1308,2
2024/04/16 13:25,01F3590S,03F3854S,32,941,1
2024/04/16 13:25,01F3590S,03F3854S,41,0,0
2024/04/16 13:25,01F3590S,03F3854S,42,0,0
2024/04/16 13:25,01F3590S,03F3854S,5,0,0
2024/04/16 13:25,01F3640N,03F3854S,31,806,5
2024/04/16 13:25,01F3640N,03F3854S,32,843,1
2024/04/16 13:25,01F3640N,03F3854S,41,948,1
2024/04/16 13:25,01F3640N,03F3854S,42,0,0
2024/04/16 13:25,01F3640N,03F3854S,5,854,1
2024/04/16 13:25,03F3743S,03F3854S,31,379,30
2024/04/16 13:25,03F3743S,03F3854S,32,407,12
2024/04/16 13:25,03F3743S,03F3854S,41,0,0
2024/04/16 13:25,03F3743S,03F3854S,42,436,8
2024/04/16 13:25,03F3743S,03F3854S,5,425,7
2024/04/16 13:25,03F3984N,03F3916N,31,231,58
2024/04/16 13:25,03F3984N,03F3916N,32,229,26
2024/04/16 13:25,03F3984N,03F3916N,41,248,5
2024/04/16 13:25,03F3984N,03F3916N,42,268,6
2024/04/16 13:25,03F3984N,03F3916N,5,261,5
2024/04/16 13:25,03F3854S,03F3916S,31,198,55
2024/04/16 13:25,03F3854S,03F3916S,32,203,23
2024/04/16 13:25,03F3854S,03F3916S,41,0,0
2024/04/16 13:25,03F3854S,03F3916S,42,245,9
2024/04/16 13:25,03F3854S,03F3916S,5,240,3
2024/04/16 13:25,03F3916S,03F3981S,31,221,56
2024/04/16 13:25,03F3916S,03F3981S,32,241,23
2024/04/16 13:25,03F3916S,03F3981S,41,0,0
2024/04/16 13:25,03F3916S,03F3981S,42,273,7
2024/04/16 13:25,03F3916S,03F3981S,5,243,3
2024/04/16 13:25,03F4021N,03F3984N,31,123,34
2024/04/16 13:25,03F4021N,03F3984N,32,128,23
2024/04/16 13:25,03F4021N,03F3984N,41,0,0
2024/04/16 13:25,03F4021N,03F3984N,42,151,6
2024/04/16 13:25,03F4021N,03F3984N,5,141,5
2024/04/16 13:25,03F3981S,03F4018S,31,119,36
2024/04/16 13:25,03F3981S,03F4018S,32,128,13
2024/04/16 13:25,03F3981S,03F4018S,41,0,0
2024/04/16 13:25,03F3981S,03F4018S,42,143,8
2024/04/16 13:25,03F3981S,03F4018S,5,127,3
2024/04/16 13:25,03F4142N,03F4021N,31,413,38
2024/04/16 13:25,03F4142N,03F4021N,32,425,22
2024/04/16 13:25,03F4142N,03F4021N,41,413,4
2024/04/16 13:25,03F4142N,03F4021N,42,559,5
2024/04/16 13:25,03F4142N,03F4021N,5,505,6
2024/04/16 13:25,03F4168N,03F4142N,31,87,17
2024/04/16 13:25,03F4168N,03F4142N,32,87,10
2024/04/16 13:25,03F4168N,03F4142N,41,94,3
2024/04/16 13:25,03F4168N,03F4142N,42,93,2
2024/04/16 13:25,03F4168N,03F4142N,5,0,0
2024/04/16 13:25,03F4018S,03F4142S,31,418,21
2024/04/16 13:25,03F4018S,03F4142S,32,429,14
2024/04/16 13:25,03F4018S,03F4142S,41,0,0
2024/04/16 13:25,03F4018S,03F4142S,42,453,5
2024/04/16 13:25,03F4018S,03F4142S,5,544,3
2024/04/16 13:25,03F4232N,03F4168N,31,227,43
2024/04/16 13:25,03F4232N,03F4168N,32,229,18
2024/04/16 13:25,03F4232N,03F4168N,41,0,0
2024/04/16 13:25,03F4232N,03F4168N,42,266,9
2024/04/16 13:25,03F4232N,03F4168N,5,281,2
2024/04/16 13:25,03F4142S,03F4168S,31,86,23
2024/04/16 13:25,03F4142S,03F4168S,32,86,14
2024/04/16 13:25,03F4142S,03F4168S,41,0,0
2024/04/16 13:25,03F4142S,03F4168S,42,95,1
2024/04/16 13:25,03F4142S,03F4168S,5,118,3
2024/04/16 13:25,03F4259N,03F4232N,31,98,6
2024/04/16 13:25,03F4259N,03F4232N,32,95,9
2024/04/16 13:25,03F4259N,03F4232N,41,0,0
2024/04/16 13:25,03F4259N,03F4232N,42,114,3
2024/04/16 13:25,03F4259N,03F4232N,5,0,0
2024/04/16 13:25,03F4168S,03F4232S,31,218,43
2024/04/16 13:25,03F4168S,03F4232S,32,230,19
2024/04/16 13:25,03F4168S,03F4232S,41,0,0
2024/04/16 13:25,03F4168S,03F4232S,42,0,0
2024/04/16 13:25,03F4168S,03F4232S,5,274,3
2024/04/16 13:25,03F4232S,03F4263S,31,103,19
2024/04/16 13:25,03F4232S,03F4263S,32,111,2
2024/04/16 13:25,03F4232S,03F4263S,41,0,0
2024/04/16 13:25,03F4232S,03F4263S,42,0,0
2024/04/16 13:25,03F4232S,03F4263S,5,101,1
2024/04/16 13:25,03F0158S,05F0000S,31,47,36
2024/04/16 13:25,03F0158S,05F0000S,32,48,17
2024/04/16 13:25,03F0158S,05F0000S,41,51,1
2024/04/16 13:25,03F0158S,05F0000S,42,47,1
2024/04/16 13:25,03F0158S,05F0000S,5,0,0
2024/04/16 13:25,03F0201N,05F0000S,31,197,33
2024/04/16 13:25,03F0201N,05F0000S,32,201,11
2024/04/16 13:25,03F0201N,05F0000S,41,199,3
2024/04/16 13:25,03F0201N,05F0000S,42,0,0
2024/04/16 13:25,03F0201N,05F0000S,5,0,0
2024/04/16 13:25,05F0055N,05F0001N,31,225,55
2024/04/16 13:25,05F0055N,05F0001N,32,232,24
2024/04/16 13:25,05F0055N,05F0001N,41,257,4
2024/04/16 13:25,05F0055N,05F0001N,42,0,0
2024/04/16 13:25,05F0055N,05F0001N,5,0,0
2024/04/16 13:25,05F0287N,05F0055N,31,1047,90
2024/04/16 13:25,05F0287N,05F0055N,32,1059,33
2024/04/16 13:25,05F0287N,05F0055N,41,1110,8
2024/04/16 13:25,05F0287N,05F0055N,42,0,0
2024/04/16 13:25,05F0287N,05F0055N,5,0,0
2024/04/16 13:25,05F0000S,05F0055S,31,246,76
2024/04/16 13:25,05F0000S,05F0055S,32,252,39
2024/04/16 13:25,05F0000S,05F0055S,41,261,3
2024/04/16 13:25,05F0000S,05F0055S,42,0,0
2024/04/16 13:25,05F0000S,05F0055S,5,0,0
2024/04/16 13:25,05F0309N,05F0287N,31,89,69
2024/04/16 13:25,05F0309N,05F0287N,32,90,33
2024/04/16 13:25,05F0309N,05F0287N,41,101,4
2024/04/16 13:25,05F0309N,05F0287N,42,0,0
2024/04/16 13:25,05F0309N,05F0287N,5,0,0
2024/04/16 13:25,05F0055S,05F0287S,31,994,80
2024/04/16 13:25,05F0055S,05F0287S,32,1005,33
2024/04/16 13:25,05F0055S,05F0287S,41,1000,1
2024/04/16 13:25,05F0055S,05F0287S,42,0,0
2024/04/16 13:25,05F0055S,05F0287S,5,0,0
2024/04/16 13:25,05F0438N,05F0309N,31,483,42
2024/04/16 13:25,05F0438N,05F0309N,32,505,22
2024/04/16 13:25,05F0438N,05F0309N,41,572,1
2024/04/16 13:25,05F0438N,05F0309N,42,506,2
2024/04/16 13:25,05F0438N,05F0309N,5,500,2
2024/04/16 13:25,05F0287S,05F0309S,31,88,67
2024/04/16 13:25,05F0287S,05F0309S,32,91,29
2024/04/16 13:25,05F0287S,05F0309S,41,91,1
2024/04/16 13:25,05F0287S,05F0309S,42,0,0
2024/04/16 13:25,05F0287S,05F0309S,5,0,0
2024/04/16 13:25,05F0528N,05F0438N,31,336,18
2024/04/16 13:25,05F0528N,05F0438N,32,326,10
2024/04/16 13:25,05F0528N,05F0438N,41,0,0
2024/04/16 13:25,05F0528N,05F0438N,42,0,0
2024/04/16 13:25,05F0528N,05F0438N,5,383,2
2024/04/16 13:25,05F0309S,05F0439S,31,484,41
2024/04/16 13:25,05F0309S,05F0439S,32,498,23
2024/04/16 13:25,05F0309S,05F0439S,41,529,3
2024/04/16 13:25,05F0309S,05F0439S,42,555,1
2024/04/16 13:25,05F0309S,05F0439S,5,518,12
2024/04/16 13:25,05FR113S,05F0439S,31,113,20
2024/04/16 13:25,05FR113S,05F0439S,32,127,8
2024/04/16 13:25,05FR113S,05F0439S,41,147,1
2024/04/16 13:25,05FR113S,05F0439S,42,164,1
2024/04/16 13:25,05FR113S,05F0439S,5,0,0
2024/04/16 13:25,05F0439S,05F0494S,31,209,18
2024/04/16 13:25,05F0439S,05F0494S,32,220,7
2024/04/16 13:25,05F0439S,05F0494S,41,233,1
2024/04/16 13:25,05F0439S,05F0494S,42,250,1
2024/04/16 13:25,05F0439S,05F0494S,5,235,2
2024/04/16 13:25,05F0438N,05FR143N,31,105,12
2024/04/16 13:25,05F0438N,05FR143N,32,113,3
2024/04/16 13:25,05F0438N,05FR143N,41,0,0
2024/04/16 13:25,05F0438N,05FR143N,42,0,0
2024/04/16 13:25,05F0438N,05FR143N,5,0,0
